123 163
123 272
123 191
123 344
123 229
123 8
123 11
123 317
123 223
123 31
123 239
123 374
123 275
123 15
123 120
123 155
123 62
123 306
123 291
123 75
123 188
123 349
123 342
123 367
123 127
123 76
123 221
123 253
123 121
123 310
123 70
123 298
123 94
123 22
123 287
123 118
123 162
123 256
123 87
123 173
123 53
123 200
123 364
123 160
123 348
123 20
123 107
123 109
123 375
123 373
123 161
123 144
123 251
123 79
123 185
123 332
123 351
123 242
123 268
123 141
123 78
123 180
123 318
123 54
123 313
123 96
123 150
123 238
123 219
123 300
123 36
123 266
123 167
123 134
123 174
123 337
123 350
123 244
123 222
123 117
123 355
123 115
123 48
123 29
123 42
123 56
123 156
123 378
123 14
123 249
123 116
123 131
123 232
123 140
123 218
123 5
123 182
123 259
123 112
123 365
123 309
123 99
123 354
123 315
123 346
123 312
123 363
123 325
123 10
123 66
123 138
123 25
123 305
123 371
123 49
123 240
123 261
123 44
123 19
123 6
123 295
123 243
123 345
123 195
123 343
123 235
123 73
123 158
123 336
123 225
123 231
123 347
163 273
163 130
163 270
163 17
163 193
163 7
163 356
163 95
163 380
163 179
163 297
163 55
163 159
163 209
163 358
163 154
163 288
163 170
272 209
272 369
272 263
272 273
272 270
272 358
272 193
272 125
272 311
272 297
191 177
191 209
191 270
191 358
191 125
191 263
191 95
191 288
191 179
191 89
191 297
344 55
344 273
344 209
344 89
344 263
344 370
344 154
344 95
344 159
344 369
229 273
229 209
229 7
229 95
8 55
8 177
8 193
8 7
8 154
8 186
8 209
8 130
8 270
11 55
11 273
11 369
11 7
11 125
11 95
11 193
317 55
317 217
317 356
317 257
317 170
317 273
317 157
317 89
317 263
317 154
317 380
223 177
31 159
31 270
31 357
31 7
31 356
31 329
31 380
31 186
31 177
31 209
31 212
31 311
239 177
239 178
239 130
239 270
239 7
239 125
239 356
239 21
239 212
239 170
239 186
239 159
239 209
239 193
239 329
239 46
239 370
239 154
374 130
374 270
374 358
374 357
374 186
374 297
374 177
374 209
374 369
374 178
374 329
374 380
275 55
275 177
275 209
275 369
275 7
275 154
275 178
275 270
275 358
275 125
275 170
275 380
15 177
15 209
15 89
15 358
15 7
15 125
15 356
15 263
15 273
15 95
120 55
120 273
120 209
120 369
120 217
120 17
120 125
120 356
120 263
120 21
120 154
120 95
120 179
120 89
120 7
120 170
155 159
155 369
155 157
155 358
155 339
155 46
155 263
155 154
155 95
155 170
155 7
155 356
155 257
155 21
62 273
62 177
62 270
62 358
62 7
62 125
62 257
62 95
62 170
62 380
62 179
62 157
62 89
62 263
306 89
306 358
306 193
306 7
306 92
306 297
306 369
306 95
306 288
306 148
291 369
291 17
291 356
291 21
291 154
291 170
291 380
291 311
291 179
291 55
291 159
291 209
291 125
291 186
75 209
75 89
75 358
75 263
75 297
75 273
75 177
75 157
75 339
188 369
188 217
188 358
188 92
188 263
188 288
188 273
188 89
349 55
349 339
349 7
349 356
349 366
349 369
349 170
342 55
342 273
342 177
342 178
342 358
342 125
342 356
342 186
342 270
342 154
367 55
367 270
367 193
367 125
367 356
367 179
367 209
367 17
367 358
367 35
367 154
367 170
367 186
127 55
127 369
127 26
127 358
127 370
127 95
127 179
127 273
127 50
127 157
127 89
127 46
127 154
127 170
76 358
76 357
76 193
76 7
76 46
76 370
76 154
76 170
76 380
76 297
221 55
221 177
221 193
221 125
221 263
221 95
221 297
221 209
221 270
221 358
221 179
253 55
253 130
253 270
253 193
253 125
253 179
253 273
253 177
253 369
253 356
253 380
121 273
121 209
121 369
121 217
121 89
121 7
121 263
121 154
121 95
121 297
121 177
121 125
121 170
310 273
310 201
310 270
310 157
310 257
310 170
310 179
310 89
310 7
310 125
310 21
310 154
310 297
70 369
70 267
70 157
70 26
70 17
70 7
70 125
70 356
70 46
70 241
70 370
70 170
70 148
70 214
70 192
70 43
70 50
70 92
70 263
70 257
70 154
298 217
94 43
94 157
94 92
94 263
94 154
94 89
94 257
94 95
22 55
22 273
22 209
22 369
22 270
22 177
22 358
22 95
22 297
287 369
287 7
287 92
287 263
287 257
287 159
287 273
287 170
118 192
118 50
118 217
118 357
162 157
162 217
162 358
162 7
162 257
162 154
162 95
162 170
162 201
162 89
162 297
256 273
256 177
256 270
256 358
256 7
256 356
256 179
256 209
256 369
256 130
256 125
256 95
256 170
256 186
87 201
87 217
87 89
87 358
87 7
87 263
87 257
87 154
87 157
173 177
173 369
173 358
173 263
173 170
173 297
173 55
173 273
173 89
173 7
173 125
53 273
53 177
53 209
53 369
53 270
53 7
53 125
53 288
53 179
53 55
53 130
53 358
53 297
200 209
200 358
200 193
200 339
200 46
200 154
200 157
200 356
200 95
200 170
364 55
364 130
364 358
364 193
364 7
364 356
364 370
364 170
364 186
364 209
364 270
364 17
364 35
364 125
364 154
364 380
160 159
160 209
160 7
160 125
160 142
160 170
160 177
160 369
160 358
160 21
160 154
348 201
348 157
348 217
348 358
348 7
348 46
348 21
348 95
348 170
348 380
348 159
348 369
348 92
348 263
348 257
348 370
348 154
20 273
20 177
20 209
20 178
20 270
20 358
20 125
20 356
20 95
20 170
20 380
20 179
20 43
20 369
20 17
20 357
20 193
20 7
20 297
107 159
107 193
107 7
107 154
107 95
107 369
107 170
109 43
109 273
109 177
109 209
109 369
109 270
109 7
109 125
109 356
109 95
109 297
109 357
375 369
375 201
375 217
375 89
375 358
375 339
375 7
375 263
375 154
375 170
375 95
373 55
373 273
373 201
373 157
373 339
373 7
373 154
373 95
373 297
373 263
373 370
373 170
161 55
161 273
161 369
161 130
161 358
161 357
161 125
161 170
161 177
161 209
161 178
161 270
161 356
161 154
144 55
144 273
144 125
144 263
144 95
144 380
144 311
144 358
144 170
144 179
251 7
251 263
251 154
251 201
251 157
251 217
251 339
79 270
79 263
79 257
79 154
79 95
79 297
79 369
79 201
79 157
79 217
79 170
185 273
185 369
185 201
185 157
185 217
185 358
185 263
185 297
185 257
332 55
332 43
332 369
332 267
332 157
332 7
332 2
332 95
332 170
351 55
351 273
351 358
351 297
351 177
351 209
351 369
351 270
351 95
242 55
242 273
242 209
242 130
242 17
242 358
242 193
242 380
242 270
242 7
242 125
242 95
242 170
268 273
268 157
268 89
268 358
268 356
268 263
268 257
268 370
268 154
268 170
268 7
268 46
268 95
268 380
141 369
141 157
141 89
141 7
141 263
141 370
141 154
141 170
141 273
141 201
141 257
78 55
78 273
78 177
78 217
78 89
78 358
78 125
78 263
180 21
180 170
318 7
318 46
318 2
318 21
318 370
318 55
318 43
318 209
318 26
318 380
54 159
54 201
54 217
54 46
54 154
54 95
54 170
54 380
54 209
54 157
54 7
54 263
313 17
313 358
313 95
313 179
313 297
313 193
313 356
96 55
96 159
96 209
96 369
96 46
96 7
96 356
150 273
150 209
150 7
150 270
150 89
150 193
150 263
150 95
238 55
238 201
238 157
238 89
238 358
238 339
238 263
238 154
238 95
238 170
238 7
238 257
219 358
219 339
219 217
219 95
300 369
300 178
300 358
300 356
300 154
300 186
300 170
36 339
36 263
36 257
36 95
36 380
36 311
36 297
36 177
36 157
36 89
36 358
36 7
36 170
266 177
266 217
266 358
266 7
266 92
266 257
266 154
266 95
266 273
266 125
167 201
167 7
167 46
167 241
167 257
167 21
167 370
167 170
167 55
167 89
167 339
167 356
167 95
134 55
134 159
134 267
134 26
134 7
134 46
134 241
134 370
134 154
134 95
134 51
134 380
134 192
134 43
134 257
174 273
174 177
174 55
174 63
337 177
337 125
337 356
337 263
337 154
337 95
337 273
337 369
337 21
337 170
337 297
350 55
350 177
350 369
350 209
350 339
350 125
244 55
244 273
244 177
244 209
244 369
244 130
244 270
244 358
244 7
244 125
244 95
244 193
244 288
244 170
244 311
222 89
222 358
222 263
222 288
222 179
222 95
117 273
117 177
117 369
117 270
117 358
117 356
117 186
117 297
117 55
355 55
355 273
355 177
355 89
355 358
355 7
355 92
355 95
355 179
355 297
355 369
355 157
355 288
115 55
115 209
115 358
115 263
115 257
115 154
115 95
115 273
115 217
115 89
115 7
115 356
115 370
115 170
115 380
48 177
48 369
48 270
48 7
48 356
48 170
48 186
48 55
48 273
48 130
48 217
335 338
335 74
338 209
338 7
338 170
338 380
338 356
338 21
338 154
55 133
55 131
55 59
55 237
55 340
55 205
55 363
55 195
55 295
55 0
55 281
55 326
55 259
55 28
55 45
55 378
55 166
55 235
55 246
55 23
55 347
55 67
55 136
55 99
55 72
55 80
55 164
55 57
55 218
55 119
55 156
55 208
55 376
55 322
55 83
55 274
55 362
55 5
55 331
55 103
55 126
55 309
55 290
55 371
55 315
55 361
55 29
55 211
55 104
55 116
55 236
55 271
55 140
55 42
55 135
55 293
55 234
55 3
55 368
55 324
55 365
133 192
133 43
133 177
133 26
133 339
133 7
133 125
133 257
133 370
133 148
133 214
133 46
133 241
133 154
131 273
131 177
131 369
131 7
131 92
131 209
131 125
131 170
59 369
59 201
59 217
59 46
59 241
59 170
59 159
59 89
59 7
59 263
59 95
237 159
237 26
237 357
237 7
237 154
237 95
237 217
237 170
340 7
340 154
340 209
340 193
340 170
205 201
205 217
205 89
205 7
205 263
205 257
205 358
205 170
363 273
363 177
363 209
363 130
363 270
363 358
363 193
363 7
363 125
363 288
363 297
363 369
363 356
363 95
195 159
195 209
195 369
195 7
195 154
195 170
195 273
195 125
295 270
295 358
295 356
295 263
295 170
295 297
295 273
295 209
295 369
295 89
295 7
295 95
0 209
0 157
0 89
0 46
0 257
0 154
0 159
0 358
0 370
0 380
281 209
281 369
281 270
281 193
281 356
281 170
281 186
281 179
281 159
281 273
281 358
326 159
326 192
326 50
326 7
326 154
326 51
326 170
326 380
326 214
326 26
259 273
259 369
259 270
259 358
259 125
259 288
259 209
259 89
259 95
28 159
28 192
28 43
28 267
28 157
28 89
28 241
28 170
28 7
28 356
28 257
28 370
45 209
45 170
45 26
45 7
378 273
378 369
378 157
378 89
378 125
378 263
378 370
378 170
378 297
378 177
378 217
378 26
378 257
378 95
378 179
166 177
166 369
166 370
166 170
166 270
166 7
166 356
166 154
166 380
166 297
235 159
235 177
235 157
235 7
235 370
235 95
235 288
235 273
235 125
235 263
246 209
246 7
246 46
246 370
246 154
246 170
23 201
23 217
23 241
23 21
23 159
23 157
23 339
23 7
23 154
23 95
23 170
347 273
347 209
347 369
347 17
347 356
347 154
347 170
347 358
347 193
347 95
347 297
67 209
67 369
67 357
67 7
67 46
67 21
67 370
67 50
67 356
67 170
67 297
136 159
136 192
136 43
136 157
136 257
136 370
136 154
136 51
136 170
136 214
136 267
136 26
99 267
99 201
99 89
99 7
99 356
99 263
99 241
99 257
99 370
99 154
99 95
99 170
99 369
99 157
99 46
72 209
72 178
72 270
72 7
72 125
72 356
72 212
72 357
72 370
72 170
72 380
72 186
80 159
80 273
80 369
80 357
80 7
80 170
80 380
80 186
80 177
80 270
80 125
80 356
164 159
164 130
164 35
164 193
164 356
164 154
164 170
164 311
164 270
164 17
164 380
57 178
57 380
57 214
57 369
57 7
57 154
57 95
218 273
218 209
218 270
218 358
218 125
218 95
218 170
218 297
218 177
218 369
119 273
119 209
119 89
119 193
119 263
119 95
119 179
119 177
119 270
119 358
119 288
156 43
156 369
156 358
156 46
156 370
156 154
156 7
156 95
156 179
208 270
208 193
208 356
208 17
208 380
376 170
322 177
322 125
322 288
322 170
322 17
322 193
322 154
83 50
83 157
83 358
83 263
83 370
83 154
83 170
83 201
83 257
274 159
274 177
274 130
274 17
274 380
274 270
274 154
362 369
362 7
362 154
5 177
5 209
5 369
5 130
5 125
5 356
5 154
5 380
5 366
5 270
5 357
5 186
331 209
331 369
331 17
331 35
331 7
331 125
331 154
331 380
331 179
331 270
331 356
159 231
159 309
159 283
159 158
159 6
159 315
159 3
159 81
159 49
159 58
159 248
159 129
159 90
159 101
159 233
159 84
159 280
159 204
159 327
159 307
159 328
159 176
159 86
159 245
159 189
159 147
159 88
159 296
159 152
159 321
159 168
159 68
159 18
159 93
159 258
159 47
159 153
159 44
159 85
159 252
159 207
159 100
159 303
159 312
159 289
159 260
159 254
159 146
159 10
159 279
159 319
159 360
159 34
159 128
159 261
159 230
159 197
159 324
159 14
159 236
159 182
159 361
159 97
159 227
159 145
231 43
231 177
231 209
231 369
231 201
231 89
231 241
231 154
231 170
231 7
231 263
231 257
231 370
309 273
309 209
309 369
309 157
309 89
309 358
309 339
309 257
309 154
309 95
309 170
309 7
283 89
283 358
283 7
283 263
283 257
283 21
283 154
283 95
283 201
283 170
158 177
158 369
158 157
158 217
158 7
158 125
158 95
158 170
158 297
158 273
158 358
158 257
158 154
6 209
6 157
6 217
6 89
6 358
6 7
6 257
6 154
6 95
6 170
6 380
6 263
315 369
315 178
315 267
315 26
315 89
315 263
315 257
315 154
315 170
315 192
315 46
315 241
3 192
3 43
3 50
3 356
3 329
3 154
3 51
3 380
3 214
3 26
3 7
81 7
81 46
81 21
81 51
81 170
81 369
81 241
81 370
49 209
49 201
49 157
49 217
49 89
49 358
49 46
49 263
49 21
49 154
49 170
49 43
49 273
49 7
49 380
58 192
58 43
58 50
58 26
58 370
58 170
58 267
58 7
58 154
58 51
248 201
248 157
248 339
248 7
248 257
248 154
248 358
248 170
129 212
129 214
129 192
129 267
129 26
129 329
129 241
90 270
90 357
90 7
90 329
90 154
90 51
90 170
90 178
90 130
90 125
90 356
90 46
90 380
101 209
101 201
101 157
101 89
101 7
101 263
101 154
101 95
101 380
101 267
101 356
101 241
101 257
233 209
233 369
233 130
233 270
233 357
233 125
233 356
233 46
233 212
233 154
233 170
233 380
233 186
233 7
233 329
84 43
84 26
84 2
84 51
84 170
84 380
84 209
84 267
84 241
84 370
280 7
280 380
280 35
204 177
204 369
204 267
204 157
204 89
204 46
204 257
204 380
204 192
204 26
204 263
204 241
327 177
327 130
327 270
327 35
327 193
327 7
327 170
327 380
327 186
327 179
327 356
327 370
307 267
307 201
307 157
307 89
307 7
307 263
307 370
307 95
307 170
307 380
307 339
307 154
328 177
328 267
328 201
328 257
328 95
328 89
328 7
328 46
328 263
328 154
328 170
328 380
176 26
176 46
176 154
176 170
86 170
245 201
245 92
245 263
245 241
245 95
245 170
245 267
245 157
245 89
245 7
245 257
245 370
245 154
189 35
189 154
189 170
189 380
189 179
189 17
189 7
189 356
147 270
147 157
147 7
147 170
147 380
147 177
147 358
147 179
88 267
88 157
88 263
88 241
88 370
88 257
88 154
296 267
296 201
296 17
296 89
296 7
296 356
296 46
296 241
296 370
296 95
296 170
296 369
296 157
296 257
152 130
152 17
152 35
152 380
321 7
321 170
321 201
321 157
321 17
321 263
321 257
321 21
321 154
168 50
168 130
168 357
168 7
168 125
168 329
168 212
168 380
168 311
168 178
168 356
168 170
68 89
68 92
68 263
68 257
68 370
68 154
68 95
68 267
68 201
68 157
68 241
18 192
18 43
18 209
18 46
18 241
18 21
18 370
18 51
18 170
18 380
18 257
93 209
93 267
93 201
93 339
93 7
93 356
93 241
93 257
93 157
93 46
93 370
93 170
258 193
258 380
258 311
258 179
47 43
47 267
47 157
47 26
47 7
47 154
47 170
47 380
47 192
47 46
47 241
47 214
153 177
153 157
153 7
153 257
153 380
153 201
153 46
153 170
44 193
44 7
44 356
44 241
44 170
44 192
44 177
44 21
85 201
85 217
85 89
85 358
85 46
85 257
85 95
85 380
85 273
85 339
85 7
85 154
85 170
252 43
252 26
252 357
252 329
252 46
252 370
252 212
252 50
252 170
207 192
207 43
207 26
207 7
207 329
207 170
207 214
207 50
207 193
207 21
207 380
100 192
100 43
100 267
100 241
100 370
100 51
100 170
100 7
100 2
100 214
303 43
303 267
303 26
303 2
303 241
303 21
303 154
303 51
303 192
303 370
303 214
312 273
312 157
312 89
312 358
312 263
312 257
312 95
312 170
312 311
312 201
312 370
289 43
289 357
289 329
289 46
289 212
289 154
192 65
192 228
192 4
192 330
192 10
192 269
192 172
192 260
192 13
192 324
192 111
192 290
192 165
192 194
192 181
65 26
65 193
65 46
65 170
65 380
65 7
228 267
228 201
228 157
228 7
228 241
228 21
228 170
228 356
228 257
228 380
4 7
4 370
4 212
4 170
4 214
4 50
4 357
330 43
330 51
330 267
10 43
10 357
10 92
10 241
10 370
10 95
10 170
10 214
10 46
269 267
269 46
269 51
269 43
269 241
269 380
172 7
260 43
260 356
260 329
260 370
260 154
260 186
260 178
260 212
260 214
13 7
13 370
13 43
13 26
13 257
13 380
324 50
324 35
324 154
324 170
324 380
324 46
324 370
111 43
111 267
111 370
111 51
111 170
111 7
111 212
111 214
43 290
43 323
43 196
43 60
43 316
43 69
43 41
43 143
43 203
290 209
290 267
290 46
290 154
290 170
290 157
290 370
323 370
323 170
323 214
323 51
196 267
196 89
196 263
196 241
196 257
196 154
196 26
196 7
196 370
60 369
60 26
60 154
60 95
60 170
273 184
273 255
273 25
273 19
273 73
273 345
273 249
273 377
273 368
273 33
273 365
273 265
273 199
273 371
273 216
273 354
273 232
273 302
273 140
273 346
273 112
184 157
184 217
184 257
184 95
184 170
184 358
255 177
255 209
255 130
255 63
255 193
255 380
255 366
25 369
25 217
25 89
25 92
25 201
25 157
25 358
25 257
25 154
19 177
19 369
19 358
19 125
19 263
19 154
19 288
19 217
19 95
19 170
73 201
73 217
73 369
73 157
73 170
345 369
345 217
345 7
345 356
345 170
345 297
345 209
345 357
345 125
249 209
249 89
249 358
249 125
249 263
249 177
249 157
249 297
377 170
377 366
368 209
368 369
368 270
368 7
368 125
368 263
368 154
368 170
368 380
368 297
368 177
368 89
368 95
33 177
365 369
365 89
365 125
365 370
365 154
365 95
365 288
365 209
365 270
365 7
365 46
365 263
365 21
365 179
265 157
265 217
265 7
265 356
265 257
265 154
265 46
265 21
265 380
199 177
199 339
199 92
199 288
199 89
199 95
199 311
371 369
371 178
371 125
371 186
371 177
371 209
371 130
371 193
371 356
371 95
216 89
216 7
216 263
177 27
177 1
177 361
177 236
177 320
177 61
177 254
177 354
177 91
177 206
177 116
177 194
177 56
177 97
177 232
177 292
177 40
177 261
177 286
177 113
177 226
177 126
177 42
27 209
27 270
27 89
27 95
27 179
27 297
27 358
27 125
1 209
1 26
1 89
1 257
1 370
1 92
1 154
1 380
361 50
361 357
361 356
361 154
361 170
361 380
361 186
361 209
361 369
361 178
361 125
361 46
361 212
236 369
236 178
236 130
236 270
236 21
236 170
236 209
236 357
236 7
236 125
236 329
236 154
320 178
320 130
320 270
320 125
320 170
320 209
61 270
61 358
61 7
61 21
61 380
61 179
61 17
61 193
61 125
61 356
61 154
61 170
254 209
254 369
254 178
254 270
254 193
254 21
254 370
254 170
254 130
254 356
254 154
254 380
254 186
254 311
354 7
354 209
354 125
354 366
91 209
91 89
91 7
91 370
91 154
91 95
91 267
91 157
206 170
116 270
116 217
116 125
116 356
116 95
116 170
116 297
116 369
116 358
116 263
194 357
194 7
194 329
194 46
194 95
194 311
194 370
194 154
194 51
194 170
194 214
56 267
56 201
56 157
56 26
56 339
56 7
56 356
56 154
56 95
56 170
56 263
56 370
56 380
97 201
97 89
97 7
97 21
97 370
97 154
97 95
97 46
97 263
97 170
232 170
232 366
232 297
232 209
292 209
292 369
292 89
292 358
292 263
292 95
292 297
209 113
209 261
209 381
209 302
209 137
209 42
209 234
209 211
209 230
209 225
209 182
209 66
209 104
209 220
209 360
113 369
113 89
113 263
113 95
113 288
113 170
113 297
113 358
113 7
261 369
261 358
261 125
261 356
261 186
261 178
381 267
381 157
381 89
381 7
381 21
381 95
381 380
381 257
381 154
381 170
302 89
302 257
302 370
302 369
302 358
137 267
137 157
137 89
137 46
137 257
137 95
137 170
137 201
137 7
137 263
137 370
42 369
42 130
42 270
42 358
42 193
42 125
42 356
42 170
42 380
42 186
42 297
42 370
42 95
42 288
42 179
234 157
234 356
234 92
234 241
234 21
234 154
234 95
234 170
234 148
234 267
234 201
234 89
234 263
234 257
234 370
211 358
211 7
211 356
211 154
211 95
211 297
211 369
211 170
230 369
230 267
230 201
230 157
230 26
230 357
230 7
230 241
230 257
230 21
230 170
230 380
230 311
230 89
230 46
230 263
230 95
369 264
369 82
369 40
369 146
369 169
369 226
369 346
369 165
369 247
369 202
369 122
369 360
369 286
369 353
369 220
369 138
369 77
369 341
369 271
369 293
369 112
369 135
82 201
82 157
82 89
82 7
82 92
82 170
82 358
82 263
82 95
40 26
40 7
40 46
40 170
40 154
146 157
146 357
146 46
146 263
146 257
146 170
146 380
146 267
146 201
146 89
146 241
146 154
169 267
169 217
169 241
169 257
169 370
169 154
169 95
169 170
169 7
169 263
226 270
226 356
226 21
226 370
226 154
226 288
226 193
346 157
346 92
346 257
346 89
346 263
346 170
346 311
165 50
165 357
165 370
165 51
247 7
247 370
247 170
202 178
202 17
202 7
202 154
202 170
122 130
122 17
122 35
122 370
122 154
122 170
122 380
122 311
360 356
360 46
360 21
360 154
360 170
360 339
360 7
360 297
286 270
286 63
286 358
286 7
286 370
286 154
286 125
286 21
286 95
178 126
178 32
178 278
178 203
126 7
126 370
126 170
126 357
32 267
32 89
32 7
32 92
32 257
32 154
32 170
32 263
32 95
278 356
278 329
278 154
278 95
278 357
267 145
267 74
267 41
267 38
267 135
267 66
267 282
267 190
267 210
267 171
267 52
267 151
267 9
267 197
267 34
145 201
145 7
145 263
145 241
145 370
145 257
145 154
145 170
74 157
74 257
74 95
74 241
74 370
41 201
41 26
41 7
41 257
41 170
41 89
38 201
38 89
38 257
38 370
38 154
38 170
38 157
38 7
38 92
38 241
38 95
135 157
135 217
135 21
135 154
135 95
135 170
135 380
135 89
135 358
135 7
135 356
135 263
66 201
66 157
66 7
66 263
66 170
66 241
66 257
66 95
282 157
282 26
282 263
282 241
282 201
282 257
282 154
190 263
190 241
190 370
190 170
190 201
190 157
190 89
190 7
190 257
190 154
190 95
130 227
130 379
130 224
130 284
130 319
227 35
227 380
227 311
227 51
379 193
379 380
379 270
379 17
379 35
379 179
224 17
224 35
224 193
224 380
224 179
224 270
201 352
201 301
201 285
201 37
201 203
201 183
201 151
201 105
201 220
201 182
201 34
201 9
201 197
201 52
201 29
352 358
352 217
352 297
301 157
301 217
301 7
301 257
301 370
301 154
301 95
301 170
301 89
301 263
285 157
285 339
285 263
285 257
285 170
285 358
285 154
285 95
285 297
37 157
37 26
37 89
37 154
37 170
37 92
37 263
37 257
37 370
37 95
203 26
203 263
203 257
203 370
203 170
203 157
203 89
203 7
203 241
183 89
183 241
183 370
183 154
183 170
151 157
151 241
151 257
151 89
151 7
151 92
151 154
151 170
105 358
105 257
105 95
105 179
105 263
105 154
105 170
220 157
220 89
220 7
220 257
220 370
220 154
220 95
220 380
220 92
220 263
182 217
182 89
182 339
182 7
182 356
182 263
182 370
182 95
182 380
182 154
182 170
34 157
34 217
34 89
34 7
34 356
34 257
34 170
34 241
34 21
34 370
34 95
270 138
270 140
270 106
138 157
138 217
138 7
138 125
138 263
138 257
138 154
138 193
138 95
157 9
157 110
157 343
157 243
157 325
157 52
157 197
157 250
157 16
157 293
157 299
157 171
9 89
9 7
9 356
9 92
9 241
9 370
9 95
9 170
9 217
9 154
110 89
110 154
110 95
110 179
110 7
110 263
110 170
343 89
343 358
343 92
343 263
343 257
343 154
343 95
343 7
243 217
243 358
243 263
243 154
243 170
243 356
325 89
325 358
325 263
325 95
325 217
325 154
52 257
52 370
52 170
52 241
52 154
52 95
197 7
197 257
197 154
197 370
197 170
217 293
217 305
217 140
217 106
293 7
293 92
293 263
293 154
293 95
293 380
26 143
26 271
26 69
26 210
143 356
143 241
143 21
143 370
143 154
143 51
143 170
271 46
271 370
271 170
271 214
17 341
17 103
17 12
17 284
17 333
341 358
341 357
341 356
341 7
341 288
341 170
341 179
103 193
103 7
103 356
103 263
103 21
103 154
103 380
12 357
12 125
12 154
12 186
12 311
12 35
12 21
284 193
284 186
284 311
284 170
89 108
89 294
89 299
89 29
89 71
89 171
89 305
89 250
108 257
294 263
294 170
294 92
299 263
299 241
299 370
299 154
299 95
299 7
299 257
29 95
29 297
29 263
29 257
71 7
71 263
71 95
71 170
71 179
171 7
171 92
171 263
171 241
171 257
171 154
171 95
171 170
171 370
358 106
358 225
358 112
358 140
358 305
106 154
225 7
225 297
225 339
225 370
225 170
112 7
112 125
112 263
112 95
112 297
112 356
112 170
140 125
140 297
140 95
140 170
35 353
35 319
353 46
353 154
353 170
353 380
319 125
319 380
319 311
319 179
319 193
319 170
357 277
357 77
357 382
357 279
277 370
277 154
277 170
277 356
277 380
77 263
77 154
77 170
77 380
77 257
77 297
382 7
382 212
382 329
382 46
382 186
193 314
193 181
314 179
339 132
339 64
339 359
339 14
132 170
132 7
132 380
64 7
64 170
359 170
359 7
359 263
7 240
7 124
7 210
7 16
7 308
7 333
7 102
7 334
7 279
7 24
7 215
7 128
7 305
7 39
7 262
7 175
7 250
7 316
7 198
7 187
7 139
7 336
240 297
240 179
124 46
124 154
124 170
210 356
210 257
210 370
210 154
210 170
16 263
16 170
16 92
308 154
308 148
333 356
333 311
102 154
102 170
102 311
334 370
334 241
334 170
279 370
279 154
279 51
24 370
24 154
215 95
215 288
128 154
128 170
305 356
305 21
305 370
305 170
305 95
356 181
356 336
356 187
356 372
181 241
181 51
181 170
181 21
181 370
336 46
336 21
336 288
336 311
329 175
175 46
175 212
175 170
46 187
46 372
46 104
46 316
46 198
187 154
187 170
372 154
263 250
250 370
250 95
250 154
250 170
250 179
241 69
257 69
257 198
69 380
69 370
69 51
69 170
69 214
198 370
198 170
21 276
276 170
370 316
370 104
316 170
316 214
316 212
154 14
154 139
154 30
154 262
139 170
139 297
30 170
51 104
170 304
170 39
170 262
170 114
170 213
170 104
380 104
311 98
366 149
214 104
