124 108
124 139
124 361
124 172
124 334
124 0
124 117
124 349
124 188
124 345
124 224
124 180
124 50
124 340
124 200
124 307
124 15
124 237
124 88
124 211
124 286
124 79
124 167
124 122
124 23
124 136
124 54
124 58
124 37
124 9
124 236
124 218
124 347
124 350
124 12
124 219
124 247
124 113
124 369
124 71
124 230
124 341
124 220
124 282
124 80
124 242
124 142
124 205
124 335
124 366
124 81
124 132
124 74
124 232
124 271
124 346
124 116
124 158
124 26
124 353
124 299
124 185
124 316
124 222
124 64
124 373
124 114
124 258
124 234
124 4
124 173
124 65
124 259
124 128
124 77
124 250
124 61
124 342
124 97
124 21
124 255
124 20
124 16
124 43
124 229
124 86
124 195
124 241
124 110
124 304
124 174
124 372
124 330
124 95
124 221
124 313
124 120
124 303
124 11
124 6
124 297
124 49
124 365
124 5
124 291
124 311
124 76
124 203
124 264
124 274
124 60
124 308
124 248
124 121
124 100
124 166
124 28
124 323
124 45
124 310
124 73
108 159
108 8
108 154
108 96
108 56
108 209
108 367
108 193
108 170
139 44
139 269
139 216
139 8
139 170
139 367
139 90
139 193
139 262
139 256
361 56
361 177
361 209
361 131
361 193
361 354
361 96
361 287
361 170
361 186
361 272
361 269
361 356
361 8
361 296
172 191
334 8
334 309
334 22
0 209
0 93
0 262
0 256
0 368
0 154
0 96
0 157
0 90
0 356
0 8
0 47
0 170
0 378
117 272
117 209
117 367
117 126
117 354
117 154
117 170
117 296
117 177
117 269
117 356
117 262
349 56
349 272
349 126
349 177
349 356
349 96
188 272
188 90
188 356
188 367
188 93
188 96
188 287
345 56
345 272
345 177
345 209
345 367
345 269
345 356
345 193
345 8
345 354
345 154
345 96
345 186
345 131
345 170
224 356
224 368
224 170
224 209
224 296
180 170
180 22
50 159
50 157
50 216
50 8
50 47
50 262
50 256
50 96
50 170
50 44
50 201
50 90
50 22
50 368
50 154
50 378
340 177
340 209
340 269
340 126
340 354
340 154
340 186
340 56
340 367
340 178
340 356
340 170
200 159
200 272
200 209
200 90
200 193
200 337
200 8
200 47
200 262
200 170
200 157
200 356
307 56
307 159
307 367
307 201
307 356
307 337
307 8
307 262
307 256
307 154
307 296
307 272
307 209
307 216
307 90
307 170
15 159
15 367
15 337
15 354
15 154
15 177
15 8
15 170
237 56
237 90
237 262
237 256
237 296
237 201
237 157
237 356
237 337
237 8
237 170
88 157
88 90
88 356
88 8
88 256
88 96
88 170
88 201
88 216
88 154
211 272
211 367
211 216
211 356
211 8
211 126
211 354
211 154
211 170
211 177
211 209
211 96
211 296
286 159
286 367
286 157
286 96
286 272
286 216
286 90
286 262
286 256
79 56
79 272
79 209
79 367
79 157
79 90
79 262
79 177
79 96
79 179
79 296
167 56
167 90
167 337
167 8
167 354
167 47
167 368
167 154
167 96
167 209
167 256
167 22
122 367
122 356
122 8
122 126
122 96
122 296
122 272
122 216
122 90
23 56
23 367
23 269
23 126
23 296
23 272
23 356
23 96
136 56
136 266
136 157
136 90
136 356
136 93
136 256
136 154
136 96
136 170
136 201
136 216
136 354
136 262
136 378
54 272
54 354
54 170
54 179
54 296
54 177
54 209
54 367
54 269
54 356
54 287
58 56
58 367
58 178
58 27
58 355
58 2
58 170
58 213
58 44
58 154
58 96
58 378
37 367
37 90
37 356
37 154
37 96
37 170
37 177
37 8
37 378
37 309
9 177
9 209
9 131
9 193
9 8
9 154
236 159
236 44
236 216
236 27
236 355
236 368
236 154
236 96
236 56
236 47
347 272
347 367
347 356
347 337
347 56
347 177
347 126
350 201
350 96
350 216
350 296
12 56
12 126
12 262
12 177
219 272
219 201
219 216
219 93
219 256
219 368
219 170
219 159
219 367
219 157
219 90
219 8
219 354
219 154
247 209
247 157
247 356
247 256
247 154
247 96
247 22
113 367
113 337
113 8
113 96
113 296
113 209
113 216
113 354
113 262
369 272
369 209
369 178
369 131
369 269
369 356
369 126
369 354
369 96
369 186
71 56
71 191
71 44
71 367
71 18
71 354
71 93
71 47
71 239
71 170
71 51
71 157
71 8
71 256
71 368
71 149
71 213
230 56
230 159
230 44
230 177
230 266
230 201
230 216
230 8
230 262
230 154
230 96
230 367
230 157
341 90
341 356
341 354
341 256
341 154
341 96
341 8
341 262
220 56
220 209
220 356
220 193
220 126
220 272
220 367
282 159
282 201
282 157
282 256
282 22
282 27
282 90
282 356
282 8
282 354
282 262
282 154
282 96
282 170
80 56
80 272
80 216
80 356
80 256
80 368
80 170
80 201
80 154
242 269
242 216
242 356
242 8
242 354
242 96
242 367
142 157
142 90
142 337
142 262
142 368
142 154
142 159
142 272
142 201
142 256
142 170
205 177
205 154
205 309
335 56
335 272
335 177
335 209
335 367
335 269
335 8
335 126
335 354
335 262
335 22
335 96
335 170
335 296
335 356
366 159
366 209
366 126
366 22
366 154
366 96
366 170
366 56
366 272
366 177
366 367
366 269
366 356
366 262
366 309
81 272
81 367
81 201
81 157
81 90
81 262
81 154
81 96
81 296
81 269
81 356
132 93
132 170
132 272
132 177
132 209
132 367
132 126
132 378
74 201
74 157
74 90
74 8
74 272
74 367
74 216
74 262
74 154
74 96
74 170
232 159
232 177
232 209
232 178
232 131
232 8
232 354
232 212
232 154
232 170
232 378
232 186
232 269
232 126
232 327
271 272
271 209
271 269
271 356
271 193
271 126
271 354
271 262
271 378
271 309
271 179
271 296
271 56
271 96
271 170
346 159
346 367
346 201
346 157
346 356
346 8
346 93
346 47
346 256
346 368
346 154
346 378
346 216
346 262
346 22
116 272
116 201
116 216
116 356
116 256
116 22
116 368
116 170
116 378
116 56
116 209
116 90
158 272
158 177
158 367
158 216
158 356
158 8
158 126
158 256
158 179
158 159
158 90
158 262
158 154
158 96
158 170
26 56
26 272
26 367
26 201
26 216
26 90
26 93
26 262
26 256
26 157
26 356
26 8
353 56
353 367
353 90
353 126
353 170
353 179
353 296
353 272
353 157
353 96
299 367
299 178
299 8
299 154
299 356
299 170
299 186
185 272
185 201
185 216
185 256
185 96
185 157
185 262
316 44
316 27
316 8
316 22
316 154
316 378
316 213
316 159
316 209
316 47
316 2
316 170
222 272
222 177
64 367
64 8
64 262
64 256
64 170
64 179
64 272
64 177
64 90
64 356
64 354
373 272
373 367
373 216
373 356
373 337
373 8
373 154
373 170
373 201
373 157
373 262
114 56
114 272
114 177
114 8
114 262
114 96
114 287
114 296
114 367
114 126
258 159
258 177
258 209
258 356
258 355
258 126
258 354
258 186
258 367
258 178
234 272
234 177
234 209
234 269
234 8
234 126
234 47
234 96
234 287
234 170
234 90
234 262
4 191
4 51
4 27
4 47
4 56
4 355
4 8
4 327
4 154
4 213
173 56
173 209
173 90
173 356
173 126
173 262
173 177
173 269
173 8
173 96
173 296
65 367
65 356
65 337
65 8
65 170
65 272
65 296
259 272
259 209
259 269
259 90
259 126
259 262
259 96
259 56
259 367
259 356
128 56
128 201
128 27
128 90
128 262
128 96
128 179
128 296
128 272
128 367
128 51
128 157
128 47
128 368
128 170
77 159
77 209
77 356
77 337
77 8
77 22
77 368
77 193
77 354
77 378
77 296
250 201
250 216
250 90
250 337
250 8
250 256
250 96
250 170
250 378
250 296
250 356
250 262
250 154
61 27
61 154
61 96
61 170
61 44
342 56
342 90
342 356
342 126
342 262
342 96
342 296
342 159
342 272
342 209
342 170
97 56
97 367
97 8
97 354
97 327
97 47
97 368
97 170
97 154
21 272
21 177
21 209
21 367
21 178
21 131
21 18
21 8
21 126
21 354
21 170
21 186
21 179
21 56
21 44
21 269
21 356
21 193
21 154
21 96
255 177
255 209
255 131
255 269
255 126
255 179
255 56
255 27
255 193
255 354
255 96
255 170
255 186
20 272
20 216
20 356
20 126
20 262
20 368
20 154
20 96
20 287
20 177
20 367
16 367
16 90
16 356
16 8
16 96
16 272
16 209
16 216
16 354
333 336
333 275
336 209
336 8
336 354
336 22
336 170
336 154
336 378
56 274
56 49
56 102
56 363
56 313
56 330
56 289
56 285
56 343
56 160
56 253
56 292
56 376
56 121
56 150
56 320
56 372
56 145
56 252
56 195
56 325
56 163
56 235
56 118
56 5
56 245
56 181
56 208
56 30
56 82
56 290
56 348
56 374
56 362
56 127
56 73
56 137
56 105
56 29
56 156
56 165
56 318
56 280
56 141
56 135
56 176
56 324
56 110
56 60
56 134
56 3
56 24
56 206
56 161
56 311
56 84
56 238
56 273
56 11
56 68
56 46
56 352
56 329
56 100
56 254
56 360
274 177
274 209
274 269
274 126
274 154
274 378
274 367
274 178
274 8
49 272
49 177
49 209
49 367
49 216
49 356
49 186
49 126
49 170
102 266
102 8
102 354
102 262
102 256
102 368
102 154
102 159
102 157
102 90
102 93
102 239
102 96
102 170
102 378
363 272
363 356
363 47
363 262
363 287
363 367
363 269
363 90
363 8
363 22
363 96
363 170
313 191
313 178
313 266
313 201
313 157
313 27
313 239
313 256
313 170
313 159
313 93
330 44
330 367
330 266
330 201
330 157
330 8
330 170
330 2
330 96
289 209
289 266
289 157
289 8
289 256
289 154
289 170
289 27
289 239
285 272
285 209
285 269
285 62
285 356
285 193
285 126
285 368
285 287
285 177
285 355
285 8
285 154
285 309
343 177
343 209
343 367
343 356
343 355
343 8
343 296
343 269
343 216
160 159
160 177
160 209
160 356
160 126
160 22
160 154
160 8
160 170
253 159
253 177
253 131
253 18
253 36
253 354
253 368
253 170
253 378
253 209
253 367
253 186
292 367
292 157
292 216
292 8
292 47
292 262
292 170
292 378
292 90
292 356
376 272
376 209
376 367
376 269
376 157
376 126
376 262
376 256
376 154
376 27
376 368
376 296
121 272
121 177
121 209
121 269
121 216
121 90
121 356
121 8
121 22
121 96
121 179
121 296
121 367
121 354
121 154
150 272
150 177
150 269
150 193
150 8
150 96
150 209
150 367
150 356
150 262
320 159
320 272
320 177
320 8
320 154
320 170
320 18
320 287
372 367
372 126
372 354
372 287
372 186
372 296
372 209
372 356
372 355
372 8
372 170
145 177
145 209
145 367
145 90
145 356
145 126
145 368
145 378
145 309
145 296
145 272
145 96
145 170
252 131
252 18
252 356
252 126
252 354
252 186
252 177
252 367
252 269
252 378
252 179
195 272
195 8
195 159
195 177
195 209
195 367
195 126
195 154
195 170
325 159
325 36
325 193
325 8
325 170
325 179
325 177
325 131
325 126
163 272
163 367
163 131
163 269
163 356
163 193
163 8
163 154
163 170
163 378
163 179
163 159
163 177
163 96
163 287
163 296
235 367
235 178
235 355
235 354
235 22
235 186
235 159
235 209
235 131
235 126
235 327
235 212
235 154
235 170
118 177
118 209
118 367
118 269
118 356
118 354
118 96
118 296
118 272
118 126
118 186
5 272
5 367
5 269
5 355
5 327
5 364
5 177
5 209
5 126
5 354
5 170
5 378
245 159
245 209
245 8
245 239
245 47
245 368
245 154
245 170
245 378
181 191
181 193
181 47
181 22
181 154
181 52
181 368
181 170
208 269
208 18
208 126
208 179
208 131
208 36
208 193
208 378
30 201
30 157
30 262
30 256
30 179
30 296
30 272
82 159
82 356
82 8
82 126
82 354
82 170
82 378
82 186
82 296
82 272
82 209
82 367
82 269
82 355
290 159
290 209
290 367
290 269
290 193
290 126
290 22
290 170
290 378
290 179
290 131
290 18
290 354
290 309
348 272
348 177
348 209
348 337
348 354
348 170
348 8
348 126
348 262
348 154
374 154
374 170
362 367
362 178
362 356
362 36
362 8
362 126
362 378
362 193
362 354
362 368
362 170
362 186
362 179
127 367
127 178
127 355
127 8
127 170
127 368
73 177
73 209
73 178
73 131
73 269
73 8
73 354
73 327
73 212
73 378
73 355
73 186
137 191
137 266
137 157
137 27
137 256
137 170
137 213
137 159
137 8
137 239
137 52
105 159
105 209
105 47
105 170
105 8
105 368
105 154
105 52
105 378
105 213
29 159
29 191
29 27
29 90
29 354
29 262
29 170
29 157
29 239
29 368
29 154
156 355
156 8
156 47
156 154
156 96
156 170
156 296
156 44
156 216
156 368
165 191
165 51
165 355
165 368
165 52
318 356
318 355
318 212
318 170
318 186
318 177
318 209
318 178
318 131
318 269
318 8
318 126
318 354
280 159
280 272
280 177
280 269
280 354
280 154
280 378
280 209
280 178
280 131
280 193
280 126
280 186
141 8
141 154
141 96
141 216
141 126
141 170
141 179
159 276
159 244
159 305
159 182
159 263
159 311
159 147
159 273
159 83
159 288
159 249
159 260
159 11
159 228
159 152
159 251
159 86
159 168
159 207
159 19
159 189
159 35
159 326
159 135
159 70
159 302
159 13
159 198
159 123
159 146
159 194
159 89
159 91
159 238
159 101
159 94
159 324
159 322
159 310
159 197
159 32
159 55
159 45
159 130
159 358
159 202
159 267
159 351
159 257
159 153
159 98
159 69
159 164
159 155
159 295
159 48
276 131
276 18
276 355
276 8
276 368
276 154
276 378
276 309
276 209
276 36
276 170
244 266
244 157
244 47
244 262
244 256
244 96
244 93
244 154
305 266
305 201
305 157
305 337
305 47
305 96
305 262
305 256
305 368
182 201
182 337
182 8
182 262
182 256
182 154
182 170
182 272
182 209
182 157
182 216
182 90
182 356
182 368
182 96
182 296
263 367
263 154
263 170
311 131
311 269
311 126
311 354
311 96
311 170
311 296
311 367
311 18
311 378
147 367
147 201
147 157
147 368
147 154
147 96
147 266
147 90
147 8
147 262
147 256
147 378
273 177
273 131
273 269
273 18
273 193
273 378
83 191
83 367
83 354
83 22
83 154
83 52
83 378
83 8
83 368
83 170
288 355
288 212
288 186
288 213
288 44
249 8
249 96
249 157
249 93
249 262
249 256
249 368
249 154
249 179
260 44
260 177
260 355
260 354
260 327
260 368
260 212
260 170
260 186
260 213
11 44
11 367
11 355
11 93
11 47
11 368
11 96
11 170
11 213
11 191
11 239
11 154
11 309
228 367
228 266
228 27
228 90
228 8
228 256
228 22
228 368
228 170
228 378
228 309
228 355
228 262
152 18
152 36
152 52
152 378
251 44
251 51
251 327
251 47
251 368
251 170
251 213
251 212
86 201
86 90
86 47
86 170
86 378
86 157
86 216
86 356
86 8
86 256
86 154
168 178
168 51
168 354
168 212
168 52
168 170
168 378
168 355
168 126
168 327
168 154
207 191
207 44
207 327
207 22
207 52
207 378
207 51
207 193
207 212
207 170
207 213
19 44
19 209
19 266
19 27
19 90
19 8
19 256
19 22
19 368
19 154
19 378
19 191
19 354
19 47
189 18
189 354
189 170
189 179
189 154
189 378
35 157
35 90
35 193
35 239
35 368
35 96
35 170
35 201
35 216
35 337
35 8
35 256
35 154
326 266
326 90
326 8
326 262
326 378
326 177
326 256
326 96
326 170
135 191
135 44
135 367
135 266
135 8
135 47
135 154
135 52
135 378
135 256
135 368
135 213
70 44
70 256
70 368
70 378
70 213
70 191
70 266
70 239
302 191
302 44
302 266
302 2
302 239
302 368
302 154
302 52
302 170
302 213
302 8
302 22
13 269
13 18
13 36
13 355
13 126
13 354
13 154
13 186
13 309
13 131
13 193
198 157
198 256
198 368
123 131
123 193
123 378
123 368
123 154
123 170
146 201
146 8
146 262
146 239
146 368
146 170
146 157
194 327
194 47
194 368
194 154
194 96
194 52
194 170
194 191
194 177
194 8
194 213
89 201
89 157
89 8
89 239
89 368
89 154
89 170
89 262
91 126
91 52
91 131
91 269
91 355
91 47
91 212
91 154
91 170
91 186
238 131
238 269
238 355
238 193
238 8
238 22
238 368
238 154
238 378
238 186
238 209
238 126
238 354
238 327
238 47
238 170
101 266
101 8
101 239
101 154
101 52
101 170
101 213
101 2
94 266
94 201
94 337
94 8
94 354
94 47
94 239
94 154
94 170
94 378
94 368
324 27
324 8
324 368
324 52
324 170
324 213
191 45
191 42
191 134
191 322
191 328
191 85
191 130
191 3
191 144
191 351
191 48
191 227
191 204
191 226
191 268
191 14
191 119
191 66
45 177
45 193
45 8
45 22
45 368
45 154
45 52
45 44
45 170
42 44
42 201
42 157
42 90
42 256
42 368
42 170
42 266
42 27
134 177
134 27
134 8
134 126
134 47
134 256
134 154
134 213
134 44
134 51
134 266
134 239
134 378
134 149
322 51
322 36
322 47
322 154
322 52
322 170
322 378
328 239
328 368
328 27
85 44
85 209
85 8
85 2
85 239
85 368
85 154
85 170
85 378
85 266
85 52
85 213
130 27
130 355
130 327
130 212
130 52
130 44
130 51
3 44
3 51
3 8
3 327
3 154
3 378
3 309
3 213
3 27
3 355
3 52
144 44
144 27
144 8
144 47
144 154
144 52
144 170
144 266
144 239
144 22
351 177
351 36
351 154
351 52
351 170
351 378
351 47
44 48
44 268
44 110
44 112
44 380
44 261
44 14
44 66
44 203
44 196
44 281
44 321
44 210
44 59
48 266
48 157
48 47
48 256
48 154
48 52
48 170
48 378
48 8
48 239
48 368
268 266
268 154
268 378
268 8
268 52
268 170
110 272
110 209
110 367
110 269
110 356
110 354
110 96
110 186
110 296
112 27
112 8
112 239
112 212
112 170
112 368
112 154
112 378
380 367
261 154
261 287
261 170
14 8
14 239
14 256
14 368
14 154
14 266
14 378
66 27
66 193
66 8
66 378
272 243
272 43
272 248
272 308
272 192
272 352
272 231
272 267
272 229
272 371
272 28
272 34
272 254
272 344
272 301
272 120
272 174
272 291
272 264
272 375
272 241
243 177
243 367
243 269
243 193
243 96
243 287
243 8
243 309
43 177
43 131
43 269
43 193
43 8
43 354
43 368
43 96
43 287
43 170
43 378
43 149
43 356
43 126
248 177
248 209
248 367
248 157
248 90
248 356
248 262
248 96
248 296
248 337
248 126
308 216
308 90
308 256
308 22
308 170
308 296
308 201
308 157
308 356
308 154
192 177
192 209
192 216
192 356
192 8
192 126
192 96
192 287
192 367
192 262
352 177
352 8
352 364
231 177
231 367
231 8
231 296
231 209
231 170
231 364
267 201
267 157
267 216
267 356
267 8
267 47
267 22
267 154
267 354
267 256
267 170
229 177
229 216
229 8
229 96
229 209
229 154
229 170
371 157
371 8
371 262
371 368
371 154
371 96
371 256
371 170
371 296
28 209
28 367
28 269
28 157
28 90
28 356
28 262
28 216
28 8
28 126
28 179
34 296
34 367
254 177
254 209
254 62
254 126
254 378
254 131
254 170
177 359
177 294
177 225
177 63
177 161
177 92
177 204
177 33
177 199
177 98
177 120
177 76
177 57
177 265
177 291
177 241
177 1
177 32
177 41
177 153
359 178
359 51
359 355
359 354
359 327
359 212
359 131
359 126
359 47
359 186
294 367
294 269
294 126
294 262
294 96
294 170
294 296
294 356
225 356
225 354
225 22
225 368
225 287
225 170
225 209
225 367
225 193
225 179
63 269
63 18
63 356
63 126
63 22
63 154
63 170
63 354
63 378
63 179
161 209
161 178
161 131
161 269
161 356
161 355
161 354
161 287
161 170
161 367
161 8
161 154
92 209
92 266
92 157
92 355
92 8
92 262
92 239
92 368
92 96
92 90
92 256
92 154
92 170
204 367
204 8
204 262
204 368
204 154
204 170
204 201
204 157
204 27
204 47
33 90
33 93
33 262
33 256
33 368
33 154
33 170
33 178
33 266
33 8
199 90
199 337
199 262
199 8
199 93
199 96
199 287
98 201
98 90
98 8
98 262
98 256
98 22
98 368
98 154
98 170
98 47
98 96
120 367
120 269
120 356
120 193
120 262
120 154
120 126
120 96
120 179
76 157
76 337
76 96
76 209
76 296
57 201
57 27
57 90
57 337
57 354
57 239
57 256
57 22
57 368
57 154
57 96
57 378
57 157
57 216
57 262
265 157
265 216
265 90
265 356
265 8
265 126
265 93
265 262
265 256
265 154
265 179
265 367
265 96
209 329
209 210
209 277
209 365
209 67
209 338
209 68
209 301
209 32
209 6
209 379
209 1
209 55
209 46
209 233
209 217
209 104
209 358
209 291
329 367
329 131
329 356
329 193
329 368
329 378
329 179
329 269
329 18
329 36
329 8
329 126
329 354
329 154
329 170
210 367
210 266
210 27
210 354
210 368
210 170
210 47
210 154
277 47
277 96
277 355
277 212
277 154
277 170
277 186
365 178
365 131
365 36
365 193
365 126
365 154
365 170
365 186
365 179
365 354
67 266
67 90
67 239
67 256
67 96
67 157
67 154
67 170
338 193
338 154
338 8
68 355
68 354
68 170
68 364
68 367
68 51
68 8
68 47
68 22
68 368
68 296
301 367
301 157
301 90
301 8
301 262
301 256
301 368
301 356
301 93
301 296
32 367
32 131
32 356
32 327
32 309
32 269
32 8
32 354
6 216
6 90
6 354
6 47
6 22
6 154
6 170
6 378
6 201
6 157
6 356
379 266
379 157
379 8
379 262
379 154
379 96
379 378
379 256
379 22
1 51
1 157
1 27
1 93
1 262
1 368
1 154
1 170
1 378
1 90
55 157
55 216
55 8
55 262
55 22
55 96
55 266
55 90
55 356
55 47
55 154
367 41
367 202
367 270
367 155
367 166
367 304
367 100
367 184
367 107
367 358
367 169
367 78
367 246
367 241
367 217
367 291
367 344
367 60
367 295
41 47
41 170
41 8
202 178
202 8
202 154
202 378
270 27
270 8
270 170
270 47
270 368
155 157
155 216
155 356
155 337
155 8
155 354
155 47
155 22
155 154
155 96
155 170
155 201
155 262
166 269
166 368
166 154
166 378
166 296
166 356
166 354
166 170
166 179
304 8
304 96
304 356
304 93
100 157
100 90
100 8
100 354
100 47
100 256
100 368
100 154
100 96
100 239
184 90
184 356
184 96
184 170
184 179
184 157
184 262
107 216
107 170
107 269
107 356
358 8
358 354
358 170
358 378
358 337
358 47
169 216
169 354
169 262
169 154
169 170
169 157
169 8
169 256
169 22
169 96
78 157
78 262
78 256
78 154
78 378
78 170
78 296
246 368
246 170
246 8
51 119
119 216
119 355
119 8
266 319
266 298
266 59
266 281
266 196
266 138
266 295
266 203
266 233
266 300
266 24
266 75
266 53
266 190
266 171
266 183
266 69
266 39
266 197
266 38
319 201
319 239
319 18
319 8
319 22
319 154
298 201
298 90
298 239
298 256
298 157
298 262
298 368
59 52
59 213
59 27
59 8
59 368
59 154
59 170
281 90
281 8
281 239
281 256
281 154
281 262
281 368
281 170
196 201
196 8
196 239
196 368
196 154
196 170
196 378
196 157
196 27
196 90
196 262
138 201
138 90
138 8
138 354
138 256
138 368
138 96
138 47
138 170
295 18
295 90
295 8
295 262
295 256
295 368
295 96
295 170
295 157
295 354
295 47
295 239
295 154
203 201
203 27
203 90
203 8
203 262
203 239
203 256
203 368
203 170
233 201
233 239
233 96
233 149
233 157
233 27
233 90
233 8
233 93
233 256
233 170
300 90
300 256
300 368
300 154
300 216
300 170
24 201
24 8
24 239
24 256
24 154
24 157
24 337
24 96
75 157
75 93
75 262
75 239
75 154
75 96
75 90
75 256
131 257
131 223
131 241
131 164
131 226
131 377
257 193
257 378
257 179
223 269
223 18
223 193
223 179
223 36
241 269
241 18
241 126
241 47
241 154
241 96
241 378
241 179
241 296
241 356
241 354
241 287
241 170
164 269
164 18
164 36
164 193
164 126
164 354
164 170
164 309
164 154
164 378
201 197
201 53
201 153
201 264
201 171
201 310
201 84
201 39
201 190
201 60
201 151
201 227
201 69
201 10
201 162
201 315
197 8
197 368
197 154
197 170
197 256
53 157
53 93
53 96
53 90
53 256
53 368
53 154
153 157
153 8
153 47
153 154
153 378
153 256
264 90
264 354
264 262
264 368
264 154
264 170
264 47
264 256
264 96
264 378
171 157
171 90
171 8
171 93
171 262
171 368
171 154
171 170
171 239
310 157
310 356
310 8
310 262
310 96
310 170
310 368
310 309
84 157
84 90
84 356
84 8
84 262
84 256
84 170
84 154
39 157
39 93
39 262
39 256
39 154
39 96
39 170
39 27
39 90
39 239
39 368
190 157
190 90
190 8
190 262
190 239
190 368
190 154
190 96
190 170
190 216
190 256
60 90
60 8
60 47
60 262
60 154
60 96
60 157
60 216
60 239
269 217
269 377
217 356
217 126
217 296
157 323
157 297
157 162
157 111
157 284
157 315
157 344
157 69
157 72
157 10
157 38
157 17
157 148
157 206
157 183
157 95
323 216
323 8
323 262
323 154
323 96
323 170
323 90
323 149
162 90
162 356
162 8
162 262
162 170
162 337
162 96
111 90
111 8
111 93
111 256
111 96
111 170
111 262
111 179
284 356
284 262
284 256
284 154
284 96
284 170
284 179
284 296
284 337
315 216
315 356
315 8
315 354
315 368
315 170
315 378
315 296
315 262
315 256
315 154
315 96
344 90
344 262
344 256
344 96
344 309
344 216
344 356
344 170
69 90
69 354
69 170
69 378
69 8
69 47
69 239
69 368
69 154
72 90
72 193
72 262
72 96
72 170
10 216
10 90
10 262
10 239
10 256
10 368
10 96
10 170
10 354
10 93
10 154
38 27
38 90
38 93
38 239
38 170
38 262
38 368
38 96
17 262
17 170
17 309
17 90
17 8
17 93
17 96
62 174
216 331
216 303
216 206
331 309
331 18
303 356
303 354
303 22
303 368
303 170
303 154
206 90
206 356
206 262
206 256
206 154
206 170
206 8
206 96
27 176
27 321
27 314
176 154
176 170
176 47
321 8
321 154
321 239
321 170
321 213
18 317
18 312
18 377
18 104
317 170
317 378
317 309
317 179
312 193
377 378
377 179
377 36
90 151
90 215
90 291
90 293
151 8
151 93
151 262
151 239
151 368
151 154
151 256
215 8
215 262
291 96
291 296
291 262
356 221
356 339
356 106
221 262
339 8
339 287
339 170
339 179
339 355
339 354
106 8
106 262
106 96
106 170
106 296
36 226
36 279
226 378
226 309
355 278
278 143
278 170
278 368
278 154
278 378
193 283
193 104
8 40
8 314
8 129
8 214
8 306
8 187
8 95
8 370
8 357
8 360
8 87
8 133
8 227
8 332
8 183
8 104
8 175
8 46
8 103
314 47
314 2
314 368
314 213
129 170
306 154
306 149
306 170
187 93
187 154
187 170
187 354
95 93
95 256
95 368
95 154
95 170
95 262
95 96
370 47
370 154
370 354
357 262
357 170
360 170
87 170
133 154
133 170
227 239
227 368
227 170
227 378
227 256
354 332
354 104
332 239
332 170
332 368
327 175
93 293
47 125
47 104
47 175
125 154
125 378
104 154
175 212
175 170
262 109
109 239
109 256
239 183
183 170
183 154
22 275
275 170
368 25
154 103
154 25
103 170
25 170
170 Q0255
170 375
170 283
170 174
170 115
170 140
170 46
170 31
170 7
375 364
283 378
283 186
115 378
140 364
309 7
309 99
179 148
296 240
