124 173
124 368
124 365
124 61
124 265
124 3
124 285
124 57
124 291
124 315
124 281
124 275
124 232
124 80
124 4
124 12
124 6
124 347
124 344
124 122
124 229
124 374
124 239
124 332
124 200
124 220
124 64
124 298
124 371
124 221
124 219
124 97
124 43
124 300
124 310
124 248
124 312
124 81
124 49
124 156
124 58
124 364
124 54
124 163
124 235
124 363
124 266
124 118
124 225
124 71
124 205
124 113
124 117
124 223
124 162
124 15
124 355
124 160
124 259
124 0
124 155
124 256
124 60
124 23
124 346
124 185
124 16
124 86
124 233
124 135
124 306
124 180
124 195
124 32
124 345
124 67
124 88
124 161
124 172
124 354
124 141
124 242
124 249
124 74
124 336
124 82
124 286
124 150
124 295
124 351
124 349
124 174
124 222
124 28
124 182
124 337
124 352
124 9
124 158
124 313
124 50
124 139
124 342
124 375
124 350
124 287
124 292
124 65
124 260
124 132
124 283
124 120
124 167
124 128
124 116
124 211
124 100
124 192
124 253
124 79
124 348
124 231
124 55
124 317
124 121
124 238
124 73
124 305
173 56
173 272
173 177
173 209
173 270
173 358
173 126
173 263
173 170
173 297
173 90
173 8
173 96
368 177
368 209
368 369
368 270
368 126
368 22
368 154
368 170
368 311
368 297
368 159
368 96
365 56
365 272
365 209
365 369
365 270
365 358
365 8
365 126
365 263
365 370
365 154
365 96
365 170
365 177
365 90
365 288
61 154
61 27
61 170
265 272
265 201
265 358
265 263
265 257
265 22
265 370
265 96
265 170
265 380
265 159
265 8
265 154
3 56
3 44
3 27
3 356
3 329
3 170
3 380
3 311
3 214
3 51
3 357
3 212
3 52
285 201
285 157
285 263
285 154
285 96
285 170
285 179
285 257
285 297
57 201
57 157
57 217
57 90
57 339
57 8
57 263
57 257
57 370
57 170
57 267
57 27
57 356
57 241
57 22
57 380
291 56
291 159
291 209
291 369
291 131
291 270
291 193
291 22
291 154
291 380
291 179
291 126
291 356
291 170
291 311
315 159
315 369
315 201
315 157
315 90
315 93
315 263
315 241
315 170
315 56
315 267
315 27
315 8
315 370
315 380
281 159
281 177
281 178
281 131
281 18
281 193
281 356
281 186
281 272
281 126
281 154
281 380
281 179
275 177
275 369
275 178
275 8
275 126
275 380
275 186
275 56
275 209
275 154
232 177
232 209
232 369
232 8
232 297
232 62
232 170
232 366
80 56
80 272
80 209
80 380
80 297
80 159
80 369
80 270
80 358
80 170
80 186
4 56
4 191
4 44
4 357
4 8
4 329
4 154
4 170
4 51
4 47
4 214
12 272
12 193
12 8
12 126
12 263
12 96
12 56
6 209
6 201
6 217
6 90
6 8
6 47
6 22
6 96
6 170
6 358
6 356
6 154
347 56
347 209
347 369
347 270
347 18
347 358
347 193
347 8
347 154
347 170
347 186
347 179
347 126
347 356
347 96
347 380
347 297
344 159
344 369
344 90
344 126
344 370
344 154
344 96
344 288
344 297
344 56
344 272
344 209
344 263
344 170
122 159
122 177
122 209
122 90
122 8
122 126
122 263
122 96
122 272
122 170
122 297
229 272
229 217
229 8
229 154
229 96
229 209
229 170
374 56
374 209
374 270
374 358
374 357
374 126
374 288
374 380
374 297
374 369
374 131
374 8
374 356
374 329
374 170
239 178
239 270
239 357
239 193
239 126
239 370
239 212
239 154
239 56
239 209
239 356
239 22
239 186
332 56
332 44
332 369
332 267
332 201
332 157
332 2
332 154
332 170
200 159
200 209
200 157
200 90
200 358
200 339
200 8
200 356
200 370
200 170
200 380
200 272
200 193
200 47
200 263
200 22
200 154
220 369
220 201
220 157
220 217
220 358
220 263
220 370
220 380
220 272
220 209
220 90
220 8
220 96
220 170
64 369
64 157
64 358
64 8
64 126
64 356
64 263
64 96
64 170
64 177
64 270
64 90
64 257
298 157
298 8
371 56
371 272
371 177
371 178
371 186
371 297
371 369
371 126
371 356
371 96
221 56
221 272
221 209
221 369
221 270
221 193
221 126
221 263
221 96
221 179
221 297
219 217
219 358
219 339
219 96
97 159
97 209
97 369
97 8
97 356
97 56
97 329
97 170
43 56
43 177
43 270
43 193
43 339
43 8
43 126
43 370
43 170
43 380
43 186
43 297
43 149
43 209
43 356
43 96
43 288
43 179
300 369
300 178
300 170
300 358
300 8
300 154
300 186
310 272
310 201
310 270
310 90
310 263
310 257
310 154
310 179
310 369
310 217
310 8
310 22
310 297
248 159
248 209
248 201
248 157
248 358
248 22
248 154
248 96
248 170
248 257
312 272
312 90
312 263
312 370
312 96
312 170
312 311
312 159
312 201
312 157
312 358
312 257
81 56
81 272
81 358
81 8
81 154
81 170
81 369
81 157
81 217
81 90
81 93
81 263
81 257
81 96
49 56
49 272
49 131
49 217
49 358
49 170
49 177
49 270
49 8
49 126
49 356
156 56
156 44
156 358
156 263
156 154
156 96
156 179
156 217
156 357
156 370
156 297
58 44
58 369
58 178
58 357
58 8
58 2
58 154
58 96
58 56
58 380
58 214
364 209
364 369
364 270
364 18
364 358
364 193
364 8
364 126
364 380
364 179
364 356
364 370
54 177
54 369
54 270
54 8
54 170
54 56
54 272
54 131
54 358
54 193
54 126
54 356
163 56
163 177
163 131
163 18
163 358
163 8
163 126
163 154
163 96
163 288
163 272
163 209
163 369
163 193
163 356
163 170
163 380
235 159
235 369
235 358
235 126
235 47
235 263
235 96
235 288
235 170
235 177
235 209
235 270
235 370
363 177
363 131
363 358
363 193
363 8
363 126
363 288
363 170
363 297
363 56
363 209
363 270
266 177
266 157
266 217
266 90
266 358
266 8
266 93
266 96
266 170
266 179
266 272
266 369
266 126
266 154
118 56
118 272
118 177
118 209
118 270
118 358
118 126
118 356
118 96
118 186
118 369
225 370
225 8
71 56
71 191
71 51
71 267
71 8
71 126
71 356
71 241
71 214
71 44
71 27
71 47
71 263
71 370
205 154
113 272
113 177
113 369
113 217
113 358
113 96
113 170
113 339
113 8
113 126
113 263
117 56
117 8
117 263
117 96
117 209
117 369
117 217
117 90
117 358
117 126
117 170
117 297
223 272
223 177
162 201
162 90
162 358
162 339
162 8
162 257
162 154
162 96
162 157
162 263
15 159
15 339
15 356
15 154
15 272
15 369
15 8
15 170
355 272
355 369
355 157
355 90
355 358
355 8
355 93
355 96
355 179
355 297
355 56
355 209
355 263
355 288
160 159
160 177
160 8
160 154
160 143
160 170
160 56
160 209
160 358
160 126
259 56
259 272
259 209
259 369
259 270
259 358
259 126
259 96
259 288
259 177
259 90
259 8
0 159
0 209
0 157
0 8
0 93
0 47
0 217
0 370
0 154
0 380
155 159
155 201
155 217
155 339
155 8
155 257
155 170
155 358
155 356
155 263
155 22
155 96
256 56
256 272
256 177
256 209
256 369
256 27
256 358
256 8
256 126
256 356
256 170
256 186
256 131
256 154
256 96
60 369
60 217
60 47
60 241
60 257
60 154
60 96
60 56
60 159
60 201
60 157
60 90
60 263
60 22
60 170
23 272
23 209
23 369
23 358
23 356
23 96
23 177
23 270
23 297
346 358
346 93
346 263
346 96
346 170
346 369
346 157
346 217
346 90
346 257
185 272
185 369
185 217
185 358
185 201
185 157
185 263
185 257
185 297
16 177
16 209
16 369
16 217
16 90
16 126
16 263
16 358
16 96
86 159
86 272
86 157
86 47
86 257
86 217
86 358
86 339
86 8
86 380
233 56
233 209
233 369
233 270
233 8
233 126
233 356
233 212
233 154
233 170
233 380
233 177
233 178
233 329
233 186
135 56
135 191
135 44
135 369
135 267
135 27
135 8
135 241
135 257
135 154
135 96
135 214
135 47
135 170
135 380
306 90
306 193
306 8
306 288
306 358
306 93
306 96
306 297
195 209
195 369
195 8
195 126
195 170
195 56
195 96
32 159
32 209
32 178
32 356
32 329
32 170
32 186
32 56
32 177
32 131
32 270
32 358
32 8
32 212
32 380
345 272
345 177
345 209
345 270
345 217
345 358
345 357
345 356
345 170
345 369
345 8
345 96
345 297
67 90
67 8
67 263
67 241
67 154
67 170
67 209
67 257
88 217
88 257
88 96
88 170
88 201
88 157
88 358
88 8
88 263
161 272
161 369
161 178
161 131
161 270
161 8
161 288
161 170
161 186
161 126
161 154
172 191
172 241
172 370
172 52
172 8
354 56
354 209
354 131
354 366
354 272
141 270
141 358
141 170
141 56
141 217
141 8
141 126
141 154
141 179
141 297
242 56
242 177
242 131
242 47
242 380
242 272
242 209
242 18
242 358
242 193
249 272
249 177
249 209
249 369
249 157
249 90
249 358
249 339
249 126
335 276
335 338
276 22
56 320
56 295
56 166
56 127
56 5
56 362
56 108
56 349
56 11
56 254
56 91
56 164
56 290
56 238
56 309
56 9
56 234
56 150
56 351
56 342
56 13
56 322
56 132
56 208
56 105
56 168
56 128
56 331
56 165
56 102
56 218
56 274
56 145
56 114
56 253
56 350
56 244
56 29
56 376
56 134
56 84
56 324
56 230
56 317
56 28
56 378
56 100
56 340
56 255
56 313
56 293
56 236
56 237
56 68
56 231
56 367
56 273
56 337
56 361
56 120
56 137
56 271
56 79
56 167
56 286
56 327
56 30
320 209
320 270
320 358
320 357
320 8
320 131
320 356
320 212
320 170
320 186
295 177
295 270
295 358
295 356
295 170
295 90
295 8
295 126
295 96
295 297
166 177
166 369
166 8
166 356
166 370
166 170
166 380
166 297
166 270
166 358
127 177
127 369
127 178
127 357
127 8
127 370
127 170
5 209
5 131
5 270
5 126
5 356
5 329
5 154
5 380
5 186
5 44
5 272
5 369
362 369
362 8
362 154
108 209
108 369
108 154
108 96
108 159
108 170
349 177
349 369
349 339
349 126
349 96
349 358
11 191
11 369
11 267
11 370
11 96
11 170
11 311
11 93
11 241
254 159
254 177
254 209
254 131
254 270
254 356
254 170
254 178
254 18
254 193
254 8
254 380
91 159
91 357
91 8
91 356
91 47
91 52
91 170
91 380
91 178
91 131
91 270
91 329
91 154
164 131
164 193
164 126
164 356
164 170
164 380
164 311
164 159
164 36
290 191
290 44
290 209
290 27
290 370
290 8
290 154
238 90
238 339
238 263
238 154
238 96
238 170
238 297
238 201
238 157
238 8
238 257
309 159
309 272
309 358
309 263
309 297
309 369
309 157
309 217
309 90
309 154
309 96
309 170
9 272
9 369
9 193
9 8
9 126
9 154
9 170
9 209
9 270
9 186
234 267
234 217
234 27
234 90
234 8
234 93
234 263
234 241
234 257
234 22
234 370
234 154
234 209
234 369
234 96
234 149
150 272
150 177
150 90
150 8
150 126
150 270
150 358
150 193
150 263
351 272
351 126
351 96
351 177
351 209
351 369
351 270
351 358
342 272
342 209
342 369
342 178
342 358
342 356
342 154
342 170
342 297
342 126
13 270
13 36
13 126
13 22
13 380
13 311
13 131
13 193
13 356
13 186
322 272
322 8
322 159
322 126
322 370
132 209
132 369
132 126
132 356
132 93
132 272
132 177
132 380
208 18
208 126
208 356
208 380
208 36
208 179
105 47
105 370
105 154
105 52
105 214
105 159
105 8
105 170
105 380
168 178
168 131
168 357
168 8
168 126
168 356
168 329
168 212
168 154
168 52
168 170
168 186
168 159
168 311
128 272
128 369
128 27
128 90
128 358
128 8
128 47
128 263
128 370
128 96
128 179
128 297
128 201
128 157
128 154
331 131
331 270
331 8
331 154
331 380
331 179
331 209
331 193
331 170
165 191
165 369
165 51
165 357
165 52
165 370
102 267
102 201
102 93
102 257
102 370
102 96
102 380
102 157
102 90
102 263
102 241
102 154
102 170
218 272
218 209
218 369
218 270
218 358
218 297
218 96
218 170
274 159
274 177
274 270
274 193
274 380
274 154
145 177
145 270
145 358
145 263
145 370
145 96
145 170
145 311
145 179
145 209
145 369
114 177
114 209
114 369
114 90
114 358
114 8
114 96
114 170
114 272
114 297
253 177
253 209
253 369
253 18
253 193
253 126
253 356
253 186
253 179
253 272
253 131
253 270
253 380
350 177
350 209
350 369
350 339
350 8
350 126
350 263
350 154
350 366
350 356
244 272
244 209
244 270
244 126
244 170
244 177
244 369
244 131
244 193
29 191
29 44
29 27
29 8
29 356
29 263
29 257
29 154
29 52
29 159
29 178
29 267
29 241
29 370
29 170
376 8
376 154
376 170
134 44
134 177
134 51
134 339
134 241
134 257
134 154
134 149
134 214
134 27
134 8
134 370
134 170
84 201
84 157
84 90
84 357
84 8
84 370
84 170
84 51
84 358
84 263
84 96
324 191
324 36
324 357
324 154
324 52
324 170
324 159
324 177
324 51
324 47
324 380
159 48
159 123
159 204
159 252
159 176
159 129
159 189
159 153
159 94
159 35
159 130
159 296
159 142
159 1
159 307
159 231
159 158
159 287
159 260
159 50
159 147
159 198
159 327
159 196
159 194
159 87
159 45
159 268
159 55
159 250
159 321
159 318
159 303
159 319
159 101
159 261
159 65
159 237
159 289
159 137
159 246
159 227
159 284
159 381
159 326
159 264
159 258
159 245
159 19
159 148
159 280
159 361
159 360
159 59
159 277
159 73
159 69
159 24
48 191
48 44
48 267
48 27
48 8
48 241
48 257
48 370
48 52
48 170
48 380
48 214
48 47
48 154
123 369
123 270
123 193
123 380
123 311
123 36
123 154
204 177
204 47
204 263
204 380
204 191
204 201
204 157
204 241
204 370
204 170
252 191
252 212
252 214
252 47
252 370
252 170
176 27
176 8
176 47
176 170
129 8
129 154
189 18
189 36
189 154
189 8
189 356
189 170
189 380
189 179
153 339
153 8
153 257
153 154
153 380
153 201
153 157
94 209
94 267
94 201
94 157
94 339
94 356
94 47
94 241
94 154
94 170
94 8
94 370
35 201
35 217
35 193
35 8
35 241
35 257
35 22
35 370
35 96
35 267
35 157
130 44
130 267
130 27
130 329
130 241
130 370
130 214
130 51
130 357
130 52
296 267
296 201
296 157
296 18
296 90
296 339
296 8
296 47
296 263
296 241
296 257
296 356
296 370
142 157
142 90
142 257
142 370
142 154
142 96
142 272
142 369
142 8
142 263
1 177
1 209
1 51
1 157
1 263
1 257
1 170
1 380
1 27
1 90
1 370
1 154
307 90
307 47
307 257
307 154
307 380
307 339
307 8
307 96
231 177
231 267
231 217
231 90
231 263
231 370
231 96
231 44
231 209
231 157
231 170
158 369
158 157
158 358
158 8
158 126
158 257
158 154
158 170
158 297
158 177
158 217
158 90
158 263
158 179
287 272
287 90
287 93
287 263
287 369
287 8
287 257
287 170
260 358
260 8
260 126
260 177
260 209
260 369
260 357
50 272
50 209
50 157
50 217
50 358
50 263
50 257
50 44
50 47
50 370
50 154
50 170
147 267
147 201
147 90
147 357
147 47
147 380
147 369
147 157
147 263
147 241
147 257
147 154
198 157
198 8
198 370
198 257
327 177
327 270
327 18
327 36
327 170
327 186
327 179
327 193
196 267
196 8
196 154
196 157
196 370
196 170
194 191
194 44
194 177
194 357
194 329
194 370
194 154
194 170
194 380
194 214
194 96
194 311
87 8
87 170
45 44
45 177
45 8
45 356
45 154
45 52
45 193
268 272
268 201
268 157
268 8
268 356
268 47
268 22
268 370
268 170
268 217
268 358
268 96
268 380
55 267
55 217
55 90
55 47
55 22
55 154
55 96
55 170
55 380
55 358
55 8
55 257
250 157
250 8
250 370
250 96
250 179
250 93
250 263
250 154
321 267
321 157
321 18
321 241
321 257
321 170
321 263
321 22
321 154
318 27
318 47
318 2
318 22
318 170
318 380
318 214
318 209
318 8
303 191
303 44
303 267
303 93
303 241
303 154
303 170
303 8
303 370
303 214
319 131
319 18
319 36
319 193
319 380
319 311
319 126
319 170
319 179
101 8
101 2
101 370
101 154
101 170
101 214
101 191
101 44
261 177
261 357
261 370
261 186
261 212
261 170
65 272
65 358
65 339
65 297
65 96
237 217
237 27
237 47
237 370
237 154
237 170
237 44
237 357
289 44
289 212
289 154
289 170
289 186
289 357
289 214
137 44
137 257
137 170
137 191
137 267
137 157
137 52
246 8
246 241
246 370
246 154
246 209
246 380
227 36
227 380
227 311
227 191
227 52
191 112
191 119
191 323
191 228
191 181
191 19
191 353
191 70
191 144
191 326
191 66
191 59
191 14
112 267
112 27
112 212
112 154
112 241
112 170
112 214
119 51
119 8
119 52
323 267
323 27
323 52
323 241
323 370
323 154
323 170
228 201
228 157
228 90
228 8
228 241
228 257
228 370
228 170
228 380
228 267
228 22
181 193
181 356
181 47
181 370
181 52
181 22
181 154
181 170
19 267
19 27
19 356
19 47
19 257
19 154
19 52
19 170
19 380
19 241
19 22
353 47
353 154
353 36
353 170
353 380
70 267
70 8
70 154
70 52
70 170
70 27
70 241
70 214
44 197
44 21
44 59
44 210
44 330
44 95
44 42
44 314
44 14
44 207
44 144
44 203
44 271
44 139
44 269
44 262
44 85
197 157
197 8
197 241
197 154
197 170
197 267
197 27
197 263
197 2
197 257
197 380
21 272
21 177
21 178
21 270
21 357
21 356
21 154
21 96
21 297
21 209
21 369
21 358
21 8
21 126
21 170
21 380
21 186
59 51
59 27
59 8
59 214
59 267
59 370
210 209
210 27
210 8
210 257
210 369
210 267
210 47
210 154
330 51
330 267
330 370
330 52
95 157
95 90
95 8
95 263
95 96
95 170
95 257
95 370
42 267
42 27
42 263
42 241
42 370
42 154
42 157
42 90
42 257
314 8
314 47
314 170
314 370
314 212
314 214
14 27
14 241
14 257
14 154
14 170
14 8
14 370
207 357
207 8
207 356
207 329
207 22
207 170
207 380
207 154
207 52
272 110
272 74
272 182
272 375
272 30
272 255
272 317
272 120
272 34
272 139
272 373
272 76
272 188
272 192
272 121
272 82
272 116
272 292
272 20
272 216
272 286
272 26
272 378
272 174
272 184
272 302
110 209
110 369
110 126
110 186
110 297
110 177
110 270
110 8
110 356
74 157
74 217
74 8
74 263
74 170
74 369
74 358
74 154
74 96
182 201
182 358
182 8
182 356
182 380
182 297
182 209
182 217
182 263
182 96
375 157
375 358
375 263
375 96
375 369
375 217
375 8
375 22
375 170
30 201
30 157
30 358
30 8
30 257
30 297
30 90
30 263
30 170
255 209
255 131
255 193
255 270
255 62
255 366
317 201
317 358
317 8
317 356
317 370
317 154
317 96
317 170
317 380
317 297
317 217
317 90
120 154
120 96
120 288
120 170
120 179
120 177
120 90
120 126
120 263
34 177
34 369
34 297
139 369
139 270
139 157
139 90
139 358
139 193
139 8
139 263
139 170
139 96
139 179
373 201
373 157
373 358
373 8
373 370
373 154
373 263
373 257
373 96
373 170
373 297
76 209
76 369
76 217
76 90
76 339
76 297
76 177
76 157
76 358
76 263
76 96
188 369
188 157
188 90
188 288
188 217
188 93
192 369
192 270
192 358
192 8
192 297
192 177
192 209
192 126
192 263
192 288
192 179
177 75
177 273
177 337
177 148
177 286
177 41
177 361
177 211
177 92
177 367
177 226
177 174
177 63
177 33
177 121
177 28
177 98
177 20
75 90
75 8
75 93
75 257
75 370
75 157
75 241
273 209
273 369
273 270
273 193
273 263
273 96
273 311
273 358
273 356
273 380
273 297
337 270
337 358
337 356
337 154
337 170
337 297
337 369
337 22
148 157
148 358
148 380
148 179
148 170
286 369
286 62
286 357
286 22
286 96
286 209
286 270
286 8
286 154
286 288
286 311
41 154
41 170
41 369
41 27
41 47
361 51
361 131
361 126
361 356
361 212
361 154
361 170
361 380
361 186
361 209
361 369
361 357
361 47
211 217
211 358
211 126
211 154
211 96
211 170
211 209
211 369
211 8
211 356
211 297
92 357
92 257
92 370
92 170
92 267
92 201
92 157
92 241
92 154
92 96
367 209
367 369
367 178
367 36
367 193
367 154
367 186
367 179
367 270
367 18
367 126
367 170
226 193
226 356
226 22
226 370
226 288
226 179
226 358
226 154
174 62
63 270
63 358
63 126
63 356
63 22
63 154
63 179
209 340
209 85
209 77
209 360
209 278
209 292
209 236
209 138
209 68
209 104
209 73
209 377
209 338
209 121
209 382
209 302
340 193
85 267
85 27
85 370
85 380
85 214
85 241
85 154
85 170
77 22
77 297
77 193
77 8
77 47
77 370
77 380
360 369
360 22
360 170
360 339
360 8
360 356
360 380
278 178
278 329
278 47
278 212
278 154
278 96
278 170
278 8
278 186
292 369
292 90
292 358
292 263
292 297
292 96
236 131
236 126
236 356
236 212
236 186
236 178
236 357
236 329
236 22
236 154
236 170
236 380
138 267
138 201
138 157
138 90
138 8
138 356
138 47
138 257
138 370
138 96
68 369
68 8
68 356
68 47
68 366
68 297
68 357
104 18
104 8
104 356
104 154
104 193
104 47
104 170
73 131
73 358
73 8
73 126
73 356
73 370
73 380
73 311
73 369
73 178
73 357
73 329
73 212
73 170
73 186
377 170
377 366
369 348
369 352
369 136
369 107
369 382
369 78
369 184
369 271
369 341
369 264
369 243
369 293
369 28
369 202
369 313
369 82
369 20
369 26
369 37
348 93
348 22
348 370
348 154
348 96
348 358
348 8
348 356
348 47
348 263
348 257
348 380
352 96
352 297
136 267
136 201
136 157
136 90
136 358
136 8
136 356
136 263
136 257
136 370
136 154
136 96
136 170
136 217
107 154
107 170
107 217
382 357
382 329
382 47
382 186
382 8
78 357
78 263
78 257
78 154
78 170
78 380
78 297
184 157
184 217
184 90
184 257
184 96
184 358
184 263
184 179
271 170
271 27
271 154
271 214
341 18
341 358
341 170
341 179
341 357
341 356
341 288
264 154
243 157
243 358
243 8
243 170
243 270
243 217
243 356
243 154
293 201
293 217
293 358
293 8
293 93
293 257
293 380
293 47
293 263
293 96
28 270
28 157
28 217
28 90
28 96
178 378
178 202
178 33
378 270
378 217
378 154
378 170
378 179
378 297
378 157
378 27
378 126
378 263
378 257
51 326
326 27
326 154
326 52
326 170
267 39
267 144
267 203
267 33
267 171
267 381
267 53
267 301
267 151
267 282
267 230
267 183
267 10
267 169
267 100
267 328
267 190
39 201
39 8
39 263
39 257
39 370
39 170
39 241
39 96
144 27
144 8
144 356
144 47
144 241
144 22
144 370
144 154
144 52
144 170
203 201
203 157
203 27
203 90
203 8
203 263
203 370
203 170
33 157
33 90
33 8
33 257
33 154
33 170
33 356
33 93
33 263
33 370
33 96
171 201
171 157
171 8
171 263
171 241
171 257
171 96
171 170
171 90
171 93
171 370
381 201
381 157
381 90
381 263
381 22
381 370
381 96
381 380
381 154
53 157
53 8
53 263
53 257
53 96
53 170
53 201
53 90
53 241
53 370
301 201
301 217
301 90
301 8
301 263
301 157
301 257
151 8
151 263
151 257
151 157
151 93
151 154
151 96
131 224
131 152
131 313
131 277
131 258
131 379
224 36
224 380
224 179
152 18
152 380
313 18
313 126
313 96
313 380
313 297
313 358
313 193
313 356
277 18
277 36
277 357
277 8
277 370
277 154
277 52
277 170
258 270
258 18
258 36
258 380
258 179
379 36
379 193
379 270
201 26
201 82
201 38
201 98
201 299
201 37
201 167
201 24
201 190
201 106
201 169
201 325
201 146
201 251
201 89
201 100
201 10
201 328
201 116
201 183
201 109
201 206
201 69
201 282
26 157
26 90
26 93
26 96
26 8
82 270
82 157
82 96
82 297
82 90
82 358
82 263
82 257
82 154
38 27
38 90
38 8
38 263
38 154
38 170
38 157
38 93
98 157
98 90
98 47
98 370
98 170
98 257
98 22
299 263
299 257
299 170
299 8
299 154
37 358
37 8
37 47
37 263
37 257
37 96
37 170
37 380
37 157
37 90
37 339
37 154
37 297
167 356
167 47
167 241
167 22
167 370
167 154
167 170
167 339
24 339
24 8
24 257
24 22
24 157
24 90
24 263
24 154
24 96
24 170
190 157
190 257
190 370
190 96
190 90
106 8
106 263
106 96
106 170
106 179
106 358
106 257
106 297
169 157
169 90
169 356
169 263
169 257
169 22
169 154
169 170
169 241
325 217
325 90
325 8
325 263
325 257
325 96
325 170
325 149
325 358
325 154
146 263
146 241
146 370
146 157
146 8
270 79
157 206
157 183
157 100
157 10
157 111
157 251
157 17
157 282
157 343
157 230
157 69
157 328
157 72
157 283
206 217
206 263
206 154
206 96
206 90
206 257
183 90
183 8
183 263
183 241
183 154
183 170
183 257
183 370
100 263
100 241
100 257
100 370
100 154
100 170
100 8
100 356
100 47
100 96
10 217
10 8
10 356
10 370
10 154
10 96
10 170
10 90
10 93
10 263
111 90
111 93
111 257
111 170
111 179
111 8
111 96
251 90
251 8
251 263
251 257
251 170
251 380
251 217
251 96
17 93
17 263
17 257
17 170
17 8
17 96
282 90
282 263
282 257
282 370
282 154
282 170
343 90
343 358
343 356
343 154
343 96
343 170
343 8
343 263
343 257
230 357
230 263
230 241
230 370
230 154
230 170
230 90
230 47
230 257
217 20
217 121
217 79
217 333
217 305
20 358
20 263
20 154
20 170
20 90
20 8
20 126
20 370
121 18
121 358
121 356
121 22
121 154
121 96
121 179
121 170
79 358
79 126
79 263
79 297
79 90
79 96
79 179
333 8
333 311
333 18
27 283
27 66
27 46
27 338
283 90
283 8
283 356
283 263
283 257
283 22
283 370
283 96
283 170
283 358
18 316
18 284
18 202
316 193
316 179
90 222
90 294
90 116
90 72
90 69
90 328
90 302
90 199
90 305
90 216
90 89
90 109
222 358
222 263
222 96
222 288
222 179
294 93
294 154
294 170
116 358
116 8
116 356
116 257
116 22
116 370
116 154
116 96
116 380
116 170
72 193
72 263
72 257
72 8
72 170
69 8
69 356
69 93
69 47
69 241
69 257
69 154
69 96
69 170
69 380
69 22
69 370
328 8
328 47
328 257
328 380
328 263
328 170
302 358
302 8
302 93
302 96
302 370
302 297
199 339
199 96
199 8
199 311
305 8
305 22
305 154
305 358
305 356
305 370
305 96
305 170
216 96
216 8
216 263
193 66
193 284
193 83
66 47
66 370
66 170
66 380
339 133
339 359
133 8
133 154
133 170
8 175
8 245
8 336
8 25
8 308
8 140
8 202
8 269
8 279
8 187
8 125
8 240
8 262
8 280
8 40
8 247
8 215
8 284
8 46
175 212
175 170
245 241
245 257
245 154
245 96
245 170
245 47
245 370
336 47
336 170
336 311
336 22
336 288
25 370
25 170
25 154
308 149
140 170
140 366
140 297
140 154
202 170
202 380
202 154
269 47
269 370
269 170
269 241
269 154
269 52
269 380
279 154
279 380
279 356
187 356
187 93
187 47
187 154
187 170
125 154
125 380
125 47
125 170
240 179
240 297
356 83
356 372
356 334
356 338
83 47
83 22
83 370
83 170
83 380
83 154
83 52
372 47
372 154
372 170
334 241
334 257
334 370
334 154
329 46
46 170
47 338
263 89
263 109
263 359
89 241
89 370
89 154
89 170
89 257
109 241
109 96
109 257
359 170
370 247
247 170
154 31
154 338
154 262
154 103
31 170
338 380
338 170
262 288
262 170
103 170
103 311
288 215
170 115
170 304
170 7
170 213
170 40
170 99
170 284
186 284
311 99
311 284
