124 307
124 241
124 261
124 244
124 311
124 318
124 21
124 32
124 23
124 0
124 299
124 116
124 54
124 345
124 232
124 110
124 196
124 26
124 371
124 43
124 313
124 118
124 286
124 260
124 61
124 293
124 77
124 301
124 346
124 161
124 135
124 186
124 95
124 220
124 37
124 207
124 151
124 254
124 128
124 4
124 114
124 221
124 132
124 219
124 5
124 164
124 303
124 49
124 108
124 363
124 60
124 356
124 243
124 240
124 156
124 141
124 183
124 142
124 57
124 145
124 374
124 250
124 79
124 249
124 139
124 100
124 83
124 81
124 224
124 314
124 64
124 12
124 364
124 88
124 117
124 349
124 11
124 333
124 337
124 273
124 282
124 267
124 121
124 343
124 344
124 173
124 373
124 16
124 223
124 292
124 58
124 236
124 175
124 206
124 319
124 28
124 76
124 347
124 163
124 257
124 6
124 113
124 310
124 174
124 365
124 226
124 316
124 201
124 233
124 15
124 162
124 97
124 45
124 3
124 230
124 73
124 252
124 284
124 348
124 157
307 369
307 359
307 194
307 8
307 264
307 96
307 289
307 90
307 298
241 8
241 180
241 298
261 369
261 179
261 126
261 160
261 178
261 359
261 358
261 357
244 271
244 158
244 359
244 96
244 369
244 357
244 171
311 274
311 369
311 202
311 218
311 90
311 359
311 126
311 264
311 155
311 96
311 171
311 298
311 158
311 8
311 180
318 218
318 90
318 359
318 8
318 357
318 258
318 370
318 155
318 96
318 171
318 298
318 56
318 274
318 380
21 44
21 274
21 178
21 369
21 131
21 18
21 194
21 8
21 126
21 155
21 380
21 210
21 179
21 359
21 357
21 96
32 56
32 160
32 369
32 358
32 8
32 126
32 330
32 213
32 171
32 380
32 187
32 210
32 131
23 274
23 210
23 369
23 96
23 298
23 56
23 178
23 359
23 126
23 357
0 160
0 90
0 8
0 93
0 47
0 370
0 96
0 380
0 210
0 158
0 359
0 258
299 218
116 210
116 202
116 158
116 359
116 8
116 171
116 56
116 274
116 357
116 264
116 258
116 155
116 96
54 274
54 178
54 131
54 126
54 96
54 289
54 171
54 180
54 56
54 369
54 271
54 359
54 194
54 357
54 298
345 56
345 274
345 90
345 370
345 155
345 289
345 171
345 298
232 160
232 210
232 218
232 90
232 8
232 264
232 258
232 370
232 96
232 171
232 178
110 56
110 44
110 274
110 210
110 369
110 271
110 359
110 8
110 96
110 298
110 357
110 187
196 210
196 369
196 155
196 171
196 160
196 274
196 8
26 218
26 90
26 8
26 93
26 264
26 258
26 171
26 158
26 359
26 96
371 56
371 178
371 179
371 359
371 357
371 187
371 210
371 369
371 271
371 96
43 56
43 274
43 369
43 131
43 359
43 8
43 96
43 171
43 380
43 298
43 149
43 178
43 210
43 271
43 194
43 126
43 357
43 370
43 187
313 160
313 90
313 359
313 264
313 258
313 171
313 274
313 312
118 56
118 274
118 210
118 369
118 359
118 126
118 357
118 187
118 178
286 359
286 264
286 155
286 171
286 180
286 298
286 202
286 340
286 96
260 274
260 178
260 271
260 90
260 359
260 8
260 126
260 96
260 289
260 210
260 369
260 264
61 44
61 27
61 155
61 96
293 210
293 369
293 131
293 271
293 357
293 22
293 187
293 312
293 180
293 56
293 194
293 8
293 126
293 155
293 171
293 380
77 358
77 340
77 47
77 22
77 155
77 298
77 160
77 359
77 8
77 357
301 369
301 357
301 155
301 187
301 359
301 8
346 56
346 210
346 369
346 126
346 274
346 271
346 218
346 359
346 171
346 298
161 56
161 178
161 22
161 155
161 274
161 359
161 8
161 126
161 143
135 193
135 268
135 27
135 370
135 155
135 96
135 171
135 369
135 258
135 380
135 215
186 274
186 202
186 158
186 218
186 359
186 264
186 258
186 298
186 369
186 96
95 44
95 90
95 8
95 258
95 370
95 155
95 171
95 158
95 96
220 218
220 359
220 340
220 96
37 160
37 369
37 202
37 158
37 90
37 340
37 8
37 47
37 258
37 171
37 380
37 178
37 359
37 155
37 96
207 218
207 359
207 8
207 96
207 171
207 158
207 90
207 155
151 56
151 369
151 271
151 126
151 210
151 90
151 359
151 194
151 8
151 264
151 96
254 56
254 274
254 210
254 18
254 194
254 126
254 357
254 359
254 187
128 274
128 369
128 51
128 202
128 158
128 359
128 8
128 298
128 27
128 90
128 47
128 264
128 258
128 370
4 193
4 44
4 51
4 358
4 8
4 47
4 370
4 171
4 215
114 56
114 210
114 90
114 8
114 264
114 289
114 178
114 369
114 359
114 96
114 298
221 160
221 202
221 158
221 218
221 8
221 357
221 93
221 370
221 171
221 380
221 274
221 90
221 359
221 264
221 155
132 274
132 126
132 357
132 178
132 210
132 369
132 171
219 56
219 178
219 210
219 271
219 359
219 171
219 96
5 56
5 44
5 178
5 210
5 369
5 131
5 271
5 358
5 126
5 357
5 155
5 171
5 380
5 366
5 274
5 330
5 187
164 210
164 369
164 18
164 359
164 194
164 126
164 155
164 289
164 171
164 380
164 180
164 298
164 160
164 274
164 131
164 271
164 8
303 274
303 210
303 359
303 96
303 369
303 158
49 274
49 178
49 131
49 218
49 126
49 171
108 160
108 194
108 155
108 171
108 96
363 178
363 131
363 194
363 8
363 357
363 289
363 171
363 56
363 369
363 271
363 359
363 187
60 56
60 369
60 202
60 47
60 264
60 242
60 96
60 158
60 218
60 90
60 8
60 258
60 22
356 56
356 178
356 210
356 158
356 359
356 8
356 264
356 96
356 180
356 298
356 274
356 369
356 126
356 93
356 289
356 171
243 274
243 369
243 131
243 271
243 18
243 359
243 194
243 171
243 56
243 210
243 155
243 289
243 380
243 180
240 160
240 210
240 194
240 357
240 370
240 213
240 171
240 56
240 178
240 358
240 8
240 330
240 187
156 160
156 369
156 158
156 90
156 8
156 357
156 47
156 264
156 258
156 96
156 22
156 155
141 56
141 274
141 369
141 218
141 8
141 126
141 155
141 96
141 171
141 180
141 298
183 160
183 210
183 202
183 218
183 90
183 359
183 340
183 258
183 155
183 96
183 171
183 158
183 22
183 370
142 274
142 369
142 202
142 158
142 340
142 8
142 258
142 171
142 160
142 370
142 96
57 178
57 202
57 158
57 218
57 27
57 90
57 8
57 357
57 370
57 96
57 380
57 264
57 242
57 155
145 178
145 210
145 369
145 126
145 264
145 370
145 171
145 180
145 56
145 271
145 90
145 359
145 96
145 312
145 298
374 178
374 210
374 179
374 271
374 358
374 357
374 289
374 187
374 298
374 56
374 131
374 126
250 274
250 210
250 369
250 90
250 359
250 264
250 96
250 298
250 178
250 340
250 126
79 56
79 274
79 178
79 210
79 369
79 271
79 218
79 126
79 96
79 90
79 359
79 264
79 298
249 160
249 359
249 340
249 8
249 22
249 171
249 210
249 202
249 258
139 274
139 271
139 158
139 218
139 90
139 359
139 194
139 264
139 96
139 180
139 369
139 258
139 171
100 56
100 369
100 158
100 90
100 8
100 47
100 242
100 258
100 370
100 155
100 268
100 202
100 357
100 264
100 171
83 56
83 218
83 359
83 264
83 155
83 96
83 274
83 202
83 90
83 8
83 258
83 370
81 202
81 271
81 218
81 258
81 155
81 171
81 369
81 359
224 178
224 274
314 56
314 369
314 194
314 180
314 160
314 126
314 171
314 380
314 298
64 271
64 8
64 357
64 264
64 258
64 96
64 90
64 126
12 274
12 178
12 369
12 8
12 96
12 56
364 56
364 179
364 359
364 36
364 155
364 171
364 187
364 180
364 131
364 271
364 194
364 357
364 370
88 90
88 359
88 258
88 155
88 202
88 264
117 56
117 274
117 210
117 369
117 271
117 8
117 357
117 155
117 171
117 359
117 126
117 264
349 369
349 158
349 218
349 93
349 47
349 264
349 370
349 155
349 96
349 202
349 90
349 359
349 357
349 258
349 22
349 171
349 380
11 160
11 193
11 44
11 268
11 358
11 47
11 370
11 52
11 171
11 312
11 155
333 56
333 44
333 369
333 158
333 258
333 2
337 171
337 312
337 47
337 22
273 178
273 271
273 359
273 194
273 126
273 357
273 264
273 96
273 380
273 56
273 274
273 180
282 56
282 160
282 178
282 369
282 179
282 131
282 18
282 359
282 194
282 126
282 155
282 171
282 380
282 187
282 271
282 357
282 180
267 274
267 158
267 218
267 90
267 126
267 93
267 264
267 258
267 171
267 178
267 155
267 96
121 56
121 178
121 210
121 271
121 218
121 18
121 90
121 359
121 8
121 155
121 171
121 357
336 75
75 178
75 8
75 93
75 258
75 370
75 96
75 268
75 264
75 242
75 171
56 58
56 127
56 272
56 104
56 236
56 255
56 231
56 235
56 323
56 29
56 373
56 344
56 287
56 355
56 182
56 378
56 137
56 162
56 68
56 102
56 3
56 134
56 376
56 177
56 291
56 222
56 362
56 332
56 237
56 239
56 24
56 245
56 238
56 368
56 71
56 316
56 136
56 84
56 365
56 91
56 321
56 167
56 28
56 348
56 166
56 174
56 294
56 310
56 73
56 327
56 30
56 97
56 361
56 367
56 328
56 276
56 169
56 175
56 157
56 120
56 168
56 350
56 212
56 9
56 256
56 275
56 105
56 80
58 44
58 179
58 358
58 8
58 96
58 215
58 27
58 2
58 171
58 380
127 369
127 179
127 178
127 358
127 8
127 370
127 171
272 8
272 47
272 155
272 171
272 215
272 44
272 369
272 370
104 160
104 47
104 264
104 22
104 171
104 210
104 18
104 8
104 357
104 155
236 160
236 274
236 178
236 210
236 369
236 158
236 359
236 8
236 370
236 271
236 126
236 289
236 171
255 210
255 369
255 131
255 18
255 8
255 126
255 357
255 22
255 380
255 187
255 160
255 178
255 179
255 271
255 155
255 171
231 268
231 358
231 8
231 242
231 258
231 22
231 312
231 210
231 158
231 90
231 47
231 370
231 155
231 171
231 380
235 369
235 218
235 27
235 90
235 8
235 357
235 93
235 258
235 22
235 370
235 96
235 171
235 155
235 149
323 178
323 126
323 155
323 289
323 171
323 18
323 8
323 370
29 160
29 193
29 158
29 27
29 90
29 357
29 258
29 370
29 44
29 179
29 268
29 171
373 158
373 90
373 340
373 264
373 258
373 298
373 274
373 202
373 96
373 171
344 274
344 178
344 179
344 357
344 155
344 187
344 369
344 271
344 126
344 171
287 274
287 178
287 369
287 271
287 359
287 358
287 194
287 126
287 370
287 96
287 210
287 62
287 22
355 274
355 62
355 131
355 8
355 366
182 193
182 194
182 357
182 370
182 155
182 171
182 242
182 22
182 52
378 274
378 369
378 271
378 90
378 264
378 370
378 96
378 180
378 298
378 178
378 210
378 179
378 359
378 126
378 155
137 160
137 44
137 27
137 8
137 242
137 258
137 52
137 215
137 193
137 268
137 158
162 210
162 131
162 271
162 358
162 8
162 126
162 171
162 187
162 178
162 359
162 289
68 369
68 51
68 358
68 8
68 357
68 22
68 171
68 298
68 210
68 370
68 366
102 160
102 210
102 268
102 202
102 90
102 258
102 370
102 155
102 380
102 8
102 93
102 171
3 44
3 8
3 330
3 155
3 52
3 171
3 380
3 312
3 215
3 160
3 27
3 358
3 213
134 178
134 268
134 340
134 47
134 171
134 193
134 44
134 51
134 27
134 8
134 370
134 380
134 149
376 155
376 171
177 160
177 27
177 47
177 171
177 8
177 155
291 44
291 47
291 258
291 193
291 210
291 268
291 158
291 27
222 210
222 369
222 271
222 359
222 264
222 96
222 298
222 274
222 178
222 194
222 126
222 180
362 8
332 210
332 131
332 271
332 359
332 8
332 369
332 18
332 36
332 370
332 155
237 160
237 178
237 210
237 369
237 179
237 357
237 171
237 131
237 358
237 126
237 330
237 155
239 90
239 340
239 155
239 298
239 158
239 264
239 96
24 268
24 158
24 340
24 264
24 242
24 258
24 155
24 96
24 202
24 218
24 8
24 171
245 274
245 359
245 96
245 171
245 178
245 369
245 131
238 44
238 27
238 47
238 370
238 155
238 96
238 8
238 171
368 160
368 274
368 210
368 271
368 8
368 264
368 22
368 380
368 312
368 359
368 126
71 193
71 369
71 51
71 158
71 126
71 357
71 264
71 242
71 370
71 155
71 171
71 149
71 44
71 268
71 18
71 8
71 93
71 258
71 215
316 160
316 193
316 8
316 93
316 47
316 242
316 155
316 171
316 369
316 27
316 264
316 258
316 370
316 380
136 369
136 158
136 359
136 8
136 93
136 22
136 155
136 380
136 268
136 202
136 218
136 264
84 51
84 158
84 8
84 155
84 96
84 171
84 202
84 90
84 358
84 370
365 178
365 369
365 90
365 126
365 47
365 370
365 96
365 289
365 180
365 22
365 155
91 160
91 131
91 330
91 47
91 155
91 52
91 171
91 380
91 187
321 210
321 179
321 131
321 8
321 126
321 357
321 171
321 178
321 271
321 358
321 213
167 271
167 357
167 370
167 298
167 178
167 359
167 155
167 380
160 205
160 327
160 48
160 228
160 310
160 19
160 361
160 285
160 199
160 201
160 94
160 253
160 97
160 381
160 1
160 251
160 247
160 6
160 325
160 324
160 70
160 265
160 284
160 15
160 45
160 259
160 246
160 329
160 304
160 308
160 13
160 122
160 87
160 165
160 148
160 198
160 319
160 55
160 320
160 266
160 281
160 82
160 65
160 234
160 59
160 290
160 129
160 269
160 130
160 153
160 262
160 89
160 169
160 146
160 101
160 67
160 105
205 193
205 178
205 369
205 268
205 202
205 158
205 90
205 47
205 264
205 242
205 370
205 155
205 171
205 380
327 51
327 27
327 171
327 215
327 193
327 155
327 52
327 380
48 193
48 268
48 158
48 370
48 52
48 171
48 380
48 44
48 27
48 242
48 258
48 155
228 193
228 36
228 52
228 380
310 369
310 158
310 359
310 96
310 171
310 298
310 202
310 340
310 264
310 258
310 155
19 210
19 268
19 90
19 357
19 47
19 242
19 22
19 171
19 380
19 193
19 44
19 27
19 8
19 370
19 155
19 52
361 178
361 210
361 51
361 131
361 126
361 357
361 330
361 47
361 155
361 171
361 187
361 213
361 380
285 131
285 194
285 8
285 187
285 18
285 171
285 312
199 8
199 47
199 171
201 274
201 158
201 90
201 194
201 47
201 264
201 22
201 370
201 96
201 340
201 8
201 357
201 155
201 171
94 210
94 268
94 340
94 357
94 258
94 370
94 158
94 8
94 380
253 44
253 27
253 358
253 330
253 370
253 171
253 51
97 369
97 8
97 330
97 47
97 370
97 155
97 171
97 210
381 202
381 90
381 264
381 155
381 96
381 171
381 380
381 8
381 258
381 22
381 370
1 27
1 90
1 264
1 370
1 155
1 171
1 178
1 258
1 380
251 264
251 258
251 96
251 171
251 180
251 158
251 8
251 370
251 155
247 210
247 8
247 155
247 171
247 380
247 370
6 210
6 202
6 158
6 218
6 359
6 8
6 264
6 22
6 155
6 171
6 357
6 47
325 51
325 36
325 370
325 155
325 52
325 380
325 193
325 47
325 171
324 193
324 44
324 155
324 215
324 268
324 27
324 370
324 52
324 171
70 193
70 27
70 8
70 370
70 155
70 171
70 380
70 44
70 268
70 258
265 369
265 155
284 202
284 27
284 90
284 359
284 357
284 258
284 22
284 370
284 155
284 96
284 158
284 264
15 274
15 369
15 340
45 178
45 194
45 22
45 171
45 193
45 44
45 8
45 357
45 370
45 155
45 52
259 36
259 194
259 380
259 312
259 180
259 131
259 271
246 158
246 93
246 47
246 264
246 258
246 155
246 96
246 268
246 202
246 242
246 171
329 268
329 158
329 8
329 47
329 264
329 155
329 96
329 380
329 178
329 202
329 90
329 171
304 268
304 27
304 8
304 2
304 22
304 370
304 52
304 193
304 93
304 155
304 215
308 268
308 90
308 340
308 8
308 47
308 264
308 258
308 370
308 155
308 96
308 171
13 131
13 271
13 18
13 36
13 194
13 126
13 357
13 22
13 380
13 187
13 155
13 171
122 274
122 178
122 210
122 218
122 126
122 155
122 369
122 264
87 171
87 8
165 271
165 18
165 357
165 380
165 312
165 36
165 194
165 126
165 155
148 158
148 359
148 380
148 271
198 268
198 202
198 158
198 258
198 155
198 171
198 370
319 44
319 210
319 27
319 215
55 210
55 202
55 158
55 218
55 90
55 8
55 47
55 258
55 22
55 155
55 96
55 380
55 268
55 264
55 171
193 82
193 208
193 42
193 229
193 130
193 14
193 262
193 85
193 195
193 66
193 331
193 144
193 59
193 173
82 194
82 8
82 155
82 171
82 380
82 369
82 357
82 47
82 242
82 370
82 52
208 27
208 358
208 8
208 357
208 330
208 22
208 213
208 155
208 52
208 171
208 380
208 194
208 215
42 268
42 202
42 90
42 242
42 258
42 155
42 44
42 158
42 264
42 171
229 90
229 357
229 258
229 171
229 268
229 202
229 158
229 8
229 22
229 155
229 380
130 44
130 51
130 268
130 27
130 358
130 370
130 330
130 242
130 215
14 27
14 242
14 258
14 155
14 380
14 8
14 370
14 171
262 178
262 179
262 358
262 357
262 370
262 213
262 187
262 215
262 44
262 171
85 210
85 268
85 8
85 2
85 215
85 27
85 242
85 370
85 155
195 44
195 358
195 8
195 155
195 171
195 380
195 312
195 330
195 215
44 59
44 50
44 112
44 290
44 263
44 66
44 197
44 204
44 331
44 382
44 315
44 157
44 283
59 370
59 52
59 171
59 215
59 51
59 27
59 155
50 210
50 202
50 158
50 258
50 155
50 96
50 380
50 218
50 90
50 359
50 8
50 47
50 264
50 370
50 171
112 268
112 27
112 8
112 242
112 171
112 380
112 370
112 213
112 155
112 215
290 358
290 155
290 330
290 213
290 187
290 215
263 171
263 8
66 370
66 171
66 380
66 8
66 47
197 202
197 158
197 90
197 8
197 242
197 370
197 171
197 268
197 27
197 264
197 155
197 380
204 179
204 268
204 202
204 27
204 90
204 8
204 258
204 370
204 155
204 158
204 264
204 242
274 233
274 256
274 185
274 28
274 174
274 377
274 189
274 9
274 120
274 159
274 338
274 288
274 266
274 30
274 348
274 217
274 86
274 80
274 20
274 292
274 347
274 257
274 212
274 350
274 175
274 375
274 351
274 76
274 113
274 353
233 210
233 369
233 8
233 171
233 366
233 155
233 298
256 178
256 210
256 271
256 62
256 194
256 126
256 171
256 380
256 366
185 158
185 96
185 171
185 218
185 258
28 369
28 158
28 218
28 359
28 8
28 126
28 96
28 180
28 210
28 271
28 90
28 298
174 178
174 369
174 359
174 8
174 264
174 96
174 171
174 298
174 271
174 90
174 126
377 210
377 171
189 369
189 158
189 90
189 218
189 359
189 96
9 8
9 187
9 210
9 369
9 131
9 194
120 178
120 369
120 359
120 126
120 155
120 289
120 171
120 180
120 271
159 178
159 369
159 359
159 8
159 155
159 96
159 298
159 158
159 218
159 126
159 171
159 180
338 178
338 369
338 271
338 359
338 8
338 126
338 357
338 155
338 96
338 171
338 298
288 158
288 218
288 8
288 93
288 258
288 90
288 359
288 171
266 202
266 158
266 218
266 90
266 47
266 258
266 380
266 8
266 370
266 96
30 359
30 264
30 258
30 96
30 180
30 202
30 8
30 171
30 298
348 178
348 369
348 359
348 126
348 357
348 155
348 380
348 298
348 8
348 171
348 187
348 180
217 90
217 8
86 47
86 264
86 258
86 202
86 218
86 359
86 340
86 8
86 96
86 171
86 380
80 271
80 359
80 8
80 178
80 369
80 126
80 357
80 380
178 154
178 212
178 227
178 353
178 206
178 175
178 113
178 276
178 234
178 296
178 200
178 16
178 98
178 33
178 257
178 354
178 73
178 192
178 76
178 328
178 34
178 92
178 292
178 367
178 20
154 202
154 158
154 47
154 155
154 8
154 258
154 380
212 271
212 359
212 8
212 298
212 210
212 369
212 218
212 155
212 96
212 171
227 369
227 359
227 194
227 22
227 171
227 210
227 271
227 155
353 210
353 271
353 359
353 96
206 312
175 171
113 210
113 218
113 359
113 126
113 171
113 298
113 357
113 264
113 96
276 179
276 271
276 126
276 357
276 155
276 359
276 171
276 380
234 369
234 131
234 271
234 8
234 330
234 213
234 155
234 171
234 187
234 210
234 179
234 358
234 126
234 47
296 369
296 271
296 90
296 8
296 126
296 357
296 264
296 171
296 298
296 96
200 90
200 8
200 93
200 96
200 340
200 264
200 289
200 312
16 218
16 90
16 126
16 357
16 264
16 96
16 369
98 158
98 90
98 47
98 258
98 22
98 370
98 155
98 96
98 202
98 8
98 380
33 202
33 93
33 264
33 158
33 90
33 357
33 370
33 155
257 369
257 131
257 359
257 194
257 8
257 357
257 180
257 271
257 27
257 126
257 187
354 47
354 155
354 171
354 380
73 210
73 369
73 358
73 8
73 126
73 330
73 213
73 380
73 187
73 312
73 179
73 359
73 171
210 278
210 339
210 67
210 105
210 350
210 382
210 138
210 211
210 230
210 351
210 367
210 226
210 46
210 360
210 192
210 92
210 341
210 168
278 18
278 36
278 8
278 370
278 155
278 380
278 358
278 52
339 27
339 8
339 357
339 155
339 171
339 380
339 22
67 202
67 158
67 264
67 155
67 96
67 90
67 8
67 258
105 8
105 370
105 171
105 380
105 215
105 155
105 52
350 369
350 359
350 126
350 340
382 369
382 8
382 47
382 187
382 358
138 90
138 8
138 258
138 171
138 357
138 47
138 264
138 370
138 155
211 268
211 27
211 8
211 370
211 171
230 8
230 155
230 96
351 369
351 8
351 126
351 357
351 264
351 155
351 366
351 340
367 369
367 155
367 380
367 180
367 131
367 359
367 194
367 126
367 171
226 359
226 340
226 298
369 375
369 65
369 74
369 347
369 123
369 294
369 157
369 248
369 192
369 203
369 342
369 78
369 360
369 20
369 297
375 202
375 218
375 340
375 8
375 264
375 96
375 155
375 171
65 340
65 8
65 96
65 298
74 158
74 258
74 96
74 202
74 218
74 90
74 264
74 155
347 359
347 93
347 264
347 171
347 218
347 90
347 258
347 96
347 312
123 271
123 36
123 194
123 171
123 380
123 131
123 155
294 202
294 218
294 90
294 8
294 93
294 47
294 264
294 258
294 155
294 96
294 380
294 158
294 171
179 203
179 169
179 279
203 8
203 380
203 36
169 131
169 8
169 357
169 330
169 213
169 52
169 358
169 171
169 312
51 166
51 331
268 69
268 146
268 270
268 297
268 38
268 283
268 191
268 331
268 300
268 152
268 92
268 10
268 101
268 302
268 322
268 89
268 39
268 172
69 202
69 158
69 357
69 93
69 47
69 264
69 242
69 22
69 370
69 171
69 8
69 258
69 155
146 158
146 8
146 242
146 258
146 171
270 8
270 47
270 370
270 155
270 52
270 171
270 242
270 380
297 8
297 264
297 242
297 258
297 370
297 96
297 158
297 18
297 90
297 357
297 171
38 202
38 158
38 90
38 93
38 242
38 96
38 27
38 8
38 258
38 155
283 27
283 8
283 264
283 370
283 171
283 202
283 242
283 258
283 155
191 202
191 218
191 90
191 8
191 96
191 171
191 158
191 155
331 242
331 52
300 202
300 158
300 264
300 242
300 258
300 90
300 370
152 202
152 8
152 264
152 96
152 171
152 90
152 242
152 370
92 202
92 158
92 90
92 358
92 8
92 242
92 370
92 155
92 264
92 258
92 96
10 158
10 218
10 90
10 8
10 357
10 264
10 242
10 258
10 155
10 171
10 93
101 2
101 242
101 370
101 155
101 215
101 8
101 52
302 158
302 90
302 258
302 370
302 96
302 171
302 202
302 218
302 8
302 264
131 225
131 275
131 209
131 153
225 271
225 380
225 180
225 18
225 194
275 271
275 18
275 155
275 380
209 271
209 18
209 126
209 357
209 380
209 194
209 180
153 18
153 36
153 52
153 380
202 147
202 89
202 168
202 170
202 269
202 184
202 172
202 53
202 35
202 252
202 163
202 109
202 106
202 352
147 358
147 242
147 155
147 47
147 258
147 96
147 171
147 380
89 158
89 90
89 242
89 370
89 171
89 8
168 357
168 370
168 90
168 242
168 22
168 96
170 357
170 264
170 258
170 22
170 370
170 155
170 218
170 90
170 8
170 242
170 96
170 171
269 90
269 359
269 264
269 370
269 155
269 96
269 171
269 218
269 8
269 47
269 22
269 380
184 8
184 264
184 242
184 258
184 171
184 158
184 370
184 155
172 158
172 242
172 258
172 370
172 155
172 171
172 90
172 93
172 96
53 90
53 93
53 242
53 258
53 155
53 8
53 96
53 171
35 357
35 264
35 242
35 22
35 370
35 218
35 340
35 8
35 258
252 158
252 359
252 340
252 8
252 264
252 258
252 96
252 218
252 90
252 171
271 192
271 63
271 379
271 328
192 90
192 264
192 96
192 8
192 126
192 289
63 18
63 359
63 194
63 126
63 357
63 155
63 22
63 171
63 380
379 18
379 380
379 180
158 106
158 76
158 72
158 78
158 343
158 326
158 17
158 322
158 163
158 111
158 39
106 264
106 155
106 96
106 171
106 180
106 359
106 8
106 258
106 298
76 218
76 90
76 340
76 298
76 359
76 96
72 90
72 8
72 264
72 180
72 258
72 96
78 358
78 8
78 258
78 155
78 171
78 298
78 264
78 380
343 8
343 357
343 264
343 258
343 96
343 359
343 93
343 171
326 359
326 8
326 258
326 155
326 96
326 171
17 90
17 171
17 312
17 258
17 96
218 107
218 352
218 163
218 306
107 155
107 359
107 171
352 359
352 298
352 96
27 46
27 144
27 41
46 8
46 330
144 8
144 370
144 52
144 171
144 47
144 242
144 22
18 320
18 190
18 342
18 334
320 194
320 126
320 171
320 312
320 36
320 180
190 36
190 180
190 155
342 359
342 8
342 289
342 171
342 180
342 358
90 306
90 292
90 111
90 39
90 223
90 109
90 20
90 163
306 22
306 155
306 357
306 370
306 96
306 171
292 359
292 264
292 96
292 298
111 8
111 93
111 264
111 258
111 155
111 96
111 180
39 264
39 242
39 370
39 155
39 96
39 171
39 8
359 157
359 163
359 223
157 8
157 47
157 264
157 96
157 171
157 298
163 340
163 264
163 298
163 96
163 171
36 328
328 194
328 126
328 171
328 187
328 8
328 380
328 180
358 280
358 119
280 357
280 370
280 143
280 171
280 155
119 52
194 341
194 317
341 8
341 155
341 171
340 NDE2
340 360
NDE2 8
NDE2 264
NDE2 171
8 315
8 41
8 281
8 372
8 125
8 335
8 140
8 188
8 40
8 360
8 279
8 216
8 129
8 20
8 248
8 322
8 334
8 173
8 176
315 2
315 370
315 213
315 215
315 47
315 171
41 47
41 155
41 171
281 380
372 357
372 47
372 171
125 171
125 380
125 47
335 155
335 171
335 357
335 258
140 155
140 171
140 366
140 298
188 171
188 357
188 47
188 155
40 171
360 357
360 22
360 171
360 380
360 298
360 47
360 155
279 357
279 213
279 171
279 47
279 96
216 96
216 289
129 155
126 20
357 334
93 295
295 264
295 155
295 171
47 176
176 213
176 171
264 223
264 322
264 109
264 20
223 96
223 180
223 289
322 242
322 370
322 155
322 171
322 258
242 173
242 109
173 370
22 277
22 181
277 171
181 171
370 20
370 166
20 289
155 25
155 133
155 103
25 171
133 380
133 171
52 166
171 115
171 248
171 99
171 31
171 214
171 305
171 103
171 7
115 380
312 103
312 334
312 7
366 150
180 317
298 34
149 309
