122 230
122 362
122 143
122 372
122 16
122 116
122 228
122 159
122 274
122 363
122 231
122 42
122 342
122 166
122 290
122 350
122 314
122 48
122 299
122 316
122 374
122 232
122 134
122 204
122 258
122 154
122 155
122 64
122 171
122 265
122 72
122 346
122 117
122 181
122 73
122 27
122 139
122 247
122 75
122 237
122 140
122 114
122 44
122 348
122 335
122 271
122 220
122 309
122 112
122 11
122 66
122 160
122 9
122 49
122 4
122 108
122 126
122 241
122 285
122 157
122 165
122 354
122 224
122 280
122 291
122 305
122 344
122 252
122 111
122 187
122 259
122 76
122 210
122 221
122 98
122 179
122 367
122 297
122 331
122 255
122 301
122 217
122 54
122 36
122 267
122 78
122 59
122 222
122 347
122 80
122 324
122 3
122 317
122 0
122 218
122 284
122 20
122 264
122 243
122 149
122 94
122 62
122 60
122 184
122 82
122 236
122 21
122 23
122 183
122 373
122 120
122 119
122 312
122 130
122 234
122 242
122 118
122 366
122 282
122 57
122 53
122 172
122 364
122 161
122 173
230 55
230 43
230 368
230 266
230 200
230 156
230 216
230 369
230 151
230 169
230 176
362 55
362 368
362 269
362 357
362 192
362 124
362 355
362 95
362 272
362 129
362 169
362 296
143 55
143 368
143 262
143 95
143 169
143 379
143 178
143 272
143 208
143 269
143 357
143 310
143 296
372 272
372 200
372 156
372 357
372 8
372 262
372 256
372 369
372 151
372 169
372 296
372 338
372 95
16 272
16 176
16 208
16 368
16 89
16 357
16 124
16 355
16 95
16 216
116 272
116 208
116 368
116 269
116 357
116 124
116 355
116 55
116 185
228 272
228 176
228 208
228 216
228 8
228 95
159 158
159 8
159 124
159 22
159 151
159 169
159 55
159 272
159 176
159 208
159 368
274 176
274 177
274 269
274 357
274 8
274 151
274 185
274 55
274 379
363 55
363 208
363 368
363 129
363 269
363 35
363 192
363 8
363 124
363 369
363 169
363 185
363 178
363 18
363 151
231 272
231 368
231 151
231 169
231 296
231 208
231 63
231 8
42 55
42 272
42 176
42 269
42 338
42 95
42 169
42 296
42 368
42 357
42 124
42 355
42 369
42 379
42 147
342 55
342 272
342 176
342 368
342 269
342 357
342 151
342 169
342 296
342 208
342 177
342 124
342 185
166 208
166 89
166 355
166 46
166 240
166 169
166 338
166 256
166 22
166 369
166 151
290 272
290 89
290 262
290 95
290 176
290 208
290 357
350 55
350 368
350 269
350 95
350 272
350 208
350 357
350 124
314 190
314 368
314 266
314 156
314 89
314 262
314 379
314 200
314 26
314 8
314 46
48 272
48 368
48 129
48 269
48 216
48 8
48 124
48 357
48 355
48 169
48 185
299 368
299 357
299 355
299 169
316 272
316 156
316 357
316 8
316 95
316 379
316 55
316 89
316 256
316 369
316 151
316 169
374 272
374 200
374 156
374 216
374 338
374 262
374 22
374 95
374 368
232 177
232 355
232 211
232 169
232 379
232 158
232 208
232 129
232 269
232 8
232 185
134 368
134 266
134 8
134 355
134 256
134 95
134 200
134 369
134 151
134 169
204 95
204 156
204 216
204 89
204 256
204 151
258 55
258 272
258 368
258 269
258 357
258 8
258 287
258 208
258 89
258 95
154 158
154 368
154 200
154 46
154 262
154 151
154 357
154 338
154 8
154 22
154 95
154 169
155 55
155 8
155 46
155 262
155 151
155 95
155 368
155 216
155 357
155 369
155 178
64 158
64 368
64 8
64 95
64 357
64 296
171 8
171 240
171 369
171 51
171 190
265 176
265 156
265 216
265 8
265 262
265 256
265 151
265 95
265 178
265 272
265 89
265 124
265 92
72 55
72 158
72 176
72 177
72 129
72 356
72 151
72 169
72 379
72 185
72 208
72 368
72 269
72 355
72 328
72 211
346 55
346 176
346 368
346 129
346 357
346 192
346 8
346 124
346 151
346 379
346 185
346 178
346 296
346 272
346 269
346 355
346 95
117 50
117 356
117 190
117 8
117 51
181 158
181 272
181 208
181 357
181 8
181 262
181 22
181 369
181 379
181 296
181 200
181 156
181 89
181 355
181 151
181 169
73 272
73 368
73 200
73 156
73 169
73 216
73 357
27 55
27 156
27 216
27 357
27 262
27 95
27 296
27 272
27 176
27 368
27 269
27 89
139 55
139 216
139 357
139 95
139 169
139 296
139 368
139 269
139 8
139 124
139 151
247 208
247 156
247 338
247 8
247 22
247 151
247 169
247 158
247 357
247 256
247 95
75 272
75 176
75 368
75 262
75 156
237 55
237 200
237 89
237 357
237 338
237 8
237 262
237 256
237 169
237 156
237 151
237 95
237 296
140 368
140 338
140 262
140 158
140 200
140 156
140 256
114 156
114 357
114 355
114 262
114 256
114 208
114 200
114 22
114 369
114 95
44 190
44 176
44 355
44 240
44 22
44 369
44 43
44 192
44 8
44 151
44 169
348 272
348 208
348 357
348 338
348 124
348 176
348 368
348 95
335 8
335 355
335 46
335 169
335 310
271 272
271 176
271 208
271 269
271 192
271 95
271 379
271 296
271 55
271 368
271 124
271 355
271 169
271 178
220 55
220 272
220 176
220 208
220 368
220 95
220 296
220 192
220 124
309 272
309 216
309 89
309 124
309 256
309 151
309 95
309 178
309 156
309 357
309 262
309 169
112 272
112 176
112 208
112 368
112 89
112 357
112 124
112 287
112 169
112 55
112 262
112 296
11 55
11 190
11 43
11 368
11 92
11 240
11 95
11 51
11 169
11 310
66 158
66 208
66 200
66 156
66 338
66 8
66 262
66 240
66 95
66 266
66 89
66 169
160 55
160 272
160 176
160 129
160 356
160 124
160 355
160 287
160 185
160 368
160 177
160 357
160 8
160 169
9 208
9 55
9 269
9 8
9 151
49 43
49 89
49 357
49 46
49 256
49 369
49 151
49 95
49 379
49 272
49 208
49 156
49 216
49 22
49 169
4 190
4 50
4 8
4 169
4 213
4 356
4 46
4 369
4 211
108 43
108 368
108 269
108 357
108 8
108 355
108 296
108 272
108 124
108 95
108 185
126 272
126 368
126 50
126 89
126 8
126 46
126 256
126 369
126 95
126 296
126 200
126 156
126 169
241 55
241 176
241 269
241 18
241 357
241 192
241 46
241 287
241 169
241 379
241 178
241 151
241 296
285 55
285 272
285 176
285 368
285 63
285 8
285 22
285 310
285 208
285 124
285 95
157 216
157 357
157 262
157 256
157 151
157 95
157 178
157 296
157 272
157 368
157 156
157 89
157 169
165 55
165 176
165 178
165 296
165 269
165 169
354 55
354 176
354 208
354 89
354 357
354 124
354 92
354 262
354 95
354 287
354 169
354 296
354 272
354 368
354 8
354 178
224 208
224 296
224 8
280 55
280 158
280 176
280 368
280 177
280 129
280 18
280 357
280 192
280 151
280 169
280 208
280 124
280 379
280 185
291 158
291 208
291 368
291 18
291 192
291 8
291 124
291 355
291 151
291 169
291 379
291 185
291 310
291 176
291 129
291 269
305 89
305 192
305 92
305 262
305 287
305 296
305 147
305 368
305 357
305 8
344 55
344 272
344 176
344 208
344 368
344 269
344 216
344 357
344 8
344 296
344 124
344 169
252 208
252 368
252 18
252 379
252 185
252 178
252 176
252 129
252 357
252 192
252 355
111 208
111 8
111 95
111 169
111 296
111 176
111 368
111 357
111 124
111 262
187 368
187 156
187 89
187 357
187 262
187 216
187 95
259 208
259 368
259 177
259 356
259 124
259 355
259 158
259 357
259 185
76 158
76 208
76 357
76 356
76 169
76 379
76 192
76 338
76 355
76 46
76 151
210 176
210 208
210 368
210 357
210 8
210 124
210 151
210 95
210 55
210 272
210 216
221 89
221 357
221 262
221 95
221 287
98 55
98 266
98 156
98 89
98 8
98 355
98 46
98 369
98 95
98 169
98 262
98 240
179 169
367 55
367 158
367 208
367 368
367 269
367 8
367 124
367 262
367 272
367 176
367 89
367 357
367 379
367 296
297 156
297 216
297 8
331 55
331 266
331 200
331 156
331 8
331 169
255 129
255 26
255 357
255 192
255 8
255 355
255 169
255 178
255 272
255 269
255 151
255 95
255 185
301 272
301 208
301 156
301 8
301 262
301 296
301 368
301 89
301 357
301 92
301 256
301 369
301 95
217 208
217 357
217 169
217 296
217 124
217 95
54 158
54 266
54 357
54 46
54 262
54 256
54 22
54 151
54 95
54 169
54 89
54 8
334 74
334 337
74 176
74 156
74 89
74 92
74 262
74 256
74 369
74 151
74 169
74 240
55 234
55 236
55 100
55 90
55 23
55 133
55 254
55 173
55 3
55 162
55 149
55 70
55 317
55 53
55 343
55 270
55 130
55 79
55 167
55 273
55 229
55 253
55 336
55 25
55 323
55 292
55 235
55 194
55 238
55 325
55 83
55 360
55 28
55 119
55 375
55 45
55 377
55 364
55 319
55 326
55 106
55 67
55 115
55 21
55 361
55 80
55 78
55 132
55 172
55 24
55 57
55 12
55 370
55 0
55 312
55 373
55 308
55 289
55 353
55 233
55 294
55 29
55 31
55 207
234 158
234 272
234 176
234 368
234 156
234 89
234 124
234 46
234 369
234 95
234 287
234 169
234 357
234 8
234 262
236 43
236 216
236 26
236 8
236 151
236 95
236 158
236 46
100 200
100 156
100 89
100 262
100 240
100 151
100 95
100 169
100 158
100 266
100 92
100 256
100 379
90 158
90 269
90 328
90 211
90 379
90 185
90 177
90 129
90 355
90 169
23 176
23 269
23 296
23 208
23 357
23 355
133 190
133 368
133 266
133 26
133 369
133 151
133 95
133 169
133 379
133 213
133 43
133 8
133 240
133 256
254 272
254 208
254 129
254 192
254 169
254 379
254 365
173 176
173 169
173 272
173 63
3 190
3 43
3 50
3 26
3 356
3 8
3 328
3 211
3 151
3 169
3 213
3 355
3 379
162 158
162 272
162 208
162 368
162 18
162 357
162 192
162 124
162 287
162 176
162 8
162 355
162 178
162 296
149 272
149 176
149 208
149 89
149 8
149 124
149 95
149 368
149 357
149 262
70 43
70 266
70 18
70 8
70 124
70 355
70 92
70 262
70 369
70 151
70 190
70 368
70 46
70 240
70 147
70 213
317 43
317 208
317 8
317 46
317 22
317 151
317 169
317 158
317 26
317 379
317 213
53 368
53 192
53 124
53 169
53 176
53 129
53 269
53 357
53 95
53 178
53 296
343 208
343 368
343 124
343 369
343 151
343 95
343 287
343 169
343 296
343 158
343 272
343 357
343 262
270 8
270 46
270 369
270 169
270 43
270 151
130 176
130 208
130 368
130 8
130 124
130 355
130 169
130 92
79 272
79 156
79 89
79 357
79 8
79 92
79 256
79 151
79 95
79 200
79 216
79 262
79 169
167 158
167 177
167 129
167 356
167 8
167 124
167 355
167 328
167 211
167 51
167 169
167 310
167 185
273 176
273 269
273 18
273 192
273 151
273 379
273 158
273 129
229 208
229 368
229 46
229 256
229 369
229 379
229 310
229 266
229 156
229 26
229 89
229 356
229 240
229 169
253 176
253 208
253 368
253 129
253 269
253 192
253 355
253 22
253 369
253 169
253 379
253 185
253 310
253 158
253 177
253 8
253 151
336 176
336 269
336 357
336 124
336 262
336 151
336 95
336 8
336 22
336 169
25 272
25 200
25 156
25 357
25 262
25 256
25 368
25 89
25 92
25 151
323 158
323 176
323 35
323 369
323 169
323 379
323 151
292 200
292 156
292 46
292 256
292 151
292 95
292 169
292 379
292 368
292 357
292 8
235 158
235 208
235 368
235 177
235 129
235 356
235 124
235 328
235 169
235 379
235 185
235 269
235 22
235 211
194 158
194 124
194 95
194 169
194 176
194 368
194 151
238 176
238 177
238 269
238 356
238 8
238 124
238 328
238 22
238 369
238 211
238 151
238 379
238 208
238 192
238 355
238 46
238 169
325 50
325 8
325 369
325 151
325 379
325 213
325 158
325 26
325 51
325 169
83 50
83 89
83 357
83 356
83 262
83 256
83 369
83 151
83 8
83 95
83 169
360 208
360 368
360 177
360 50
360 129
360 356
360 124
360 355
360 328
360 151
360 379
360 158
360 46
28 158
28 26
28 89
28 262
28 256
28 369
28 51
28 169
28 43
28 151
119 208
119 216
119 18
119 89
119 124
119 355
119 262
119 169
119 178
119 296
119 272
119 269
119 22
375 151
375 169
45 26
45 8
45 169
45 328
377 272
377 208
377 368
377 177
377 124
377 369
377 95
377 169
377 178
377 176
377 156
377 216
377 26
377 262
377 256
377 296
364 176
364 368
364 89
364 357
364 22
364 287
364 178
364 8
364 124
364 262
364 151
364 95
364 169
319 176
319 356
319 8
319 211
319 185
319 208
319 177
319 357
319 124
319 169
326 129
326 35
326 8
326 124
326 379
326 185
326 176
326 369
326 178
106 208
106 8
106 95
106 169
158 24
158 245
158 352
158 103
158 81
158 282
158 359
158 320
158 260
158 175
158 279
158 308
158 302
158 102
158 295
158 85
158 195
158 322
158 226
158 1
158 13
158 152
158 203
158 68
158 47
158 206
158 15
158 58
158 86
158 127
158 145
158 327
158 286
158 0
158 321
158 69
158 128
158 201
158 97
158 88
158 199
158 84
158 188
158 153
158 93
158 163
158 80
158 193
158 251
158 6
158 59
158 99
158 249
158 120
158 19
158 244
158 311
158 347
24 200
24 156
24 216
24 338
24 262
24 22
24 151
24 266
24 240
24 256
245 208
245 46
245 240
245 151
245 379
245 8
245 169
352 190
352 176
352 46
352 151
352 169
352 35
352 379
103 51
103 169
103 46
103 151
103 379
81 368
81 355
81 240
81 151
81 169
81 379
81 192
81 46
81 22
81 369
81 51
282 156
282 26
282 357
282 355
282 256
282 22
282 369
282 95
282 8
282 262
282 151
282 169
359 8
359 355
359 46
359 169
359 379
359 208
359 368
359 296
320 156
320 8
320 262
320 256
320 22
320 151
320 169
320 266
320 200
320 18
260 176
260 369
260 211
260 151
260 185
260 213
260 43
260 177
260 355
260 328
175 151
175 169
175 26
175 8
175 46
279 35
279 8
279 379
308 200
308 156
308 216
308 256
308 95
308 296
308 208
308 368
308 89
308 357
308 151
308 169
302 190
302 43
302 8
302 92
302 2
302 22
302 151
302 51
302 169
302 213
302 266
302 26
302 240
302 369
102 8
102 355
102 22
102 169
102 18
102 192
102 262
102 151
295 368
295 266
295 200
295 18
295 8
295 355
295 262
295 256
295 369
295 89
295 338
295 151
295 95
295 169
85 272
85 216
85 338
85 262
85 256
85 151
85 156
85 8
85 46
195 8
195 256
195 169
195 151
322 43
322 266
322 26
322 369
322 151
322 51
322 169
322 213
322 190
322 240
226 129
226 310
226 35
226 379
1 208
1 50
1 26
1 89
1 262
1 369
1 151
1 169
1 379
1 176
1 256
13 35
13 192
13 355
13 151
13 169
13 379
13 185
13 129
13 356
13 22
152 156
152 46
152 256
152 369
152 151
152 200
152 8
152 379
203 190
203 368
203 156
203 26
203 262
203 240
203 151
203 169
203 379
203 176
203 266
203 256
203 369
68 46
68 262
68 240
68 256
68 369
68 169
68 156
68 89
68 8
68 92
68 22
68 379
47 190
47 266
47 26
47 46
47 256
47 369
47 151
47 213
47 43
47 156
47 8
47 169
47 379
206 190
206 43
206 26
206 356
206 8
206 355
206 22
206 211
206 151
206 379
206 50
206 328
206 169
15 272
15 355
15 151
15 338
15 8
58 43
58 26
58 151
58 51
58 169
58 190
58 266
58 213
86 8
86 169
127 8
127 169
145 368
145 156
145 89
145 356
145 46
145 262
145 369
145 379
145 266
145 256
145 95
145 169
327 176
327 266
327 200
327 156
327 256
327 151
327 95
327 169
327 379
327 8
327 46
327 262
286 216
286 89
286 357
286 8
286 92
286 256
286 95
286 368
286 156
0 156
0 89
0 8
0 262
0 151
0 95
0 216
0 357
0 256
321 272
321 176
321 192
321 369
321 151
321 8
321 124
321 169
69 190
69 26
69 240
69 369
69 151
69 51
69 43
69 266
69 256
69 169
128 190
128 266
128 26
128 240
128 211
128 356
128 328
201 177
201 8
201 368
201 35
201 379
97 46
97 369
97 169
97 176
97 200
97 156
97 89
97 8
97 256
97 151
97 95
97 379
88 200
88 156
88 89
88 8
88 240
88 369
88 262
88 256
88 151
88 169
199 272
199 208
199 156
199 89
199 357
199 192
199 8
199 46
199 262
199 22
199 369
199 151
199 95
199 379
84 43
84 208
84 266
84 2
84 51
84 213
84 190
84 8
190 41
190 289
190 132
190 164
190 180
190 99
190 193
190 329
190 142
190 65
190 268
41 43
41 266
41 200
41 89
41 262
41 369
41 151
41 8
41 240
41 256
41 169
289 208
289 156
289 46
289 256
289 369
289 266
289 240
132 176
132 266
132 26
132 338
132 46
132 240
132 256
132 369
132 147
132 213
132 50
132 8
132 151
132 379
164 356
164 369
164 51
164 368
180 240
180 22
180 369
180 46
99 266
99 2
99 240
99 151
99 51
99 169
99 213
99 43
99 8
99 369
193 43
193 328
193 46
193 151
193 51
193 379
193 310
193 356
193 8
193 213
329 50
329 266
329 240
329 26
329 51
43 313
43 94
43 21
43 261
43 135
43 288
43 268
43 137
43 57
43 5
43 14
43 65
43 381
43 202
43 142
43 110
43 19
43 209
313 26
313 46
313 2
313 213
313 8
313 369
313 211
313 169
94 8
94 92
94 262
94 95
94 169
94 156
94 89
94 256
94 151
21 18
21 357
21 8
21 124
21 355
21 169
21 185
21 178
21 296
21 368
21 177
21 129
21 356
21 192
21 95
21 379
261 8
261 151
135 266
135 240
135 51
135 169
135 26
135 369
135 151
288 356
288 328
288 46
288 169
288 185
288 213
268 369
268 51
268 379
268 8
268 151
137 269
137 216
137 89
137 192
137 124
137 262
137 256
137 151
137 169
137 178
137 272
137 368
137 156
137 8
137 95
57 368
57 177
57 95
57 26
57 356
57 8
57 169
57 213
5 272
5 368
5 129
5 124
5 355
5 185
5 365
5 176
14 26
14 8
14 256
14 369
14 240
14 151
14 169
272 183
272 33
272 115
272 248
272 120
272 184
272 78
272 370
272 267
272 345
272 294
272 376
272 29
272 12
272 20
272 311
272 82
272 349
272 198
272 215
272 172
272 80
272 353
183 368
183 178
183 156
183 89
183 357
183 262
183 95
183 169
33 176
33 368
115 269
115 216
115 357
115 8
115 355
115 151
115 95
115 262
115 296
248 176
248 208
248 368
248 357
248 338
248 124
248 262
248 95
248 296
248 156
120 176
120 208
120 368
120 216
120 357
120 8
120 262
120 151
120 95
120 169
120 296
184 368
184 156
184 256
184 296
184 216
184 357
184 262
78 176
78 208
78 156
78 89
78 262
78 178
78 269
78 216
78 357
78 124
78 296
370 176
370 368
370 129
370 269
370 357
370 124
370 95
370 208
370 192
370 296
267 200
267 156
267 357
267 262
267 256
267 22
267 151
267 89
267 8
267 369
345 368
345 89
345 357
345 92
345 256
345 95
345 156
345 262
345 169
294 208
294 368
294 269
294 8
294 355
294 95
294 169
294 176
294 296
376 169
376 365
376 208
29 200
29 89
29 357
29 8
29 262
29 95
29 169
29 296
29 178
12 368
12 269
12 192
12 8
12 262
12 176
20 176
20 216
20 89
20 357
20 8
20 262
20 369
20 151
20 169
20 368
176 62
176 373
176 56
176 31
176 205
176 353
176 222
176 191
176 225
176 61
176 36
176 118
176 125
176 349
176 243
62 368
62 269
62 156
62 8
62 256
62 95
62 169
62 178
62 124
62 262
62 379
373 208
373 368
373 177
373 129
373 269
373 357
373 356
373 124
373 328
373 287
373 185
373 355
373 169
56 26
56 338
56 8
56 262
56 240
56 22
56 369
56 169
56 266
56 200
56 156
56 355
56 95
31 177
31 129
31 269
31 357
31 8
31 124
31 185
31 208
31 368
31 356
31 355
31 379
31 310
205 169
205 310
353 63
353 8
353 124
353 208
353 129
191 216
191 89
191 357
191 178
191 8
191 95
191 287
225 269
225 357
225 192
225 22
225 369
225 178
225 208
225 368
225 287
61 269
61 18
61 357
61 124
61 355
61 22
61 151
61 178
61 192
208 339
208 80
208 209
208 243
208 6
208 349
208 118
208 172
208 19
208 96
208 93
208 91
208 277
208 381
208 136
208 233
208 67
339 192
339 151
339 169
80 124
80 355
80 379
80 185
80 368
80 269
80 357
80 169
80 296
209 266
209 8
209 169
209 26
209 46
209 256
209 369
243 129
243 192
243 8
243 124
243 287
243 169
243 310
243 368
243 269
243 95
6 200
6 216
6 89
6 46
6 256
6 169
6 379
6 8
6 95
349 368
349 8
349 262
349 151
349 169
349 355
349 365
118 368
118 269
118 89
118 357
118 95
118 262
118 151
118 287
118 178
172 368
172 89
172 8
172 169
172 269
172 357
172 124
172 262
172 95
172 296
19 266
19 26
19 89
19 8
19 355
19 151
19 169
19 379
19 256
19 51
96 328
96 46
96 369
96 355
96 151
93 266
93 200
93 338
93 46
93 156
93 8
93 355
93 240
93 151
91 266
91 156
91 89
91 8
91 262
91 240
91 369
91 151
91 95
91 200
91 256
368 168
368 366
368 77
368 219
368 82
368 105
368 59
368 340
368 121
368 361
368 233
368 40
368 246
168 266
168 200
168 8
168 262
168 240
168 369
168 151
168 95
366 177
366 129
366 357
366 35
366 192
366 124
366 355
366 169
366 379
366 151
366 185
77 156
77 356
77 8
77 151
77 169
77 379
77 296
77 262
219 200
219 89
219 355
219 92
219 256
219 151
219 169
219 156
219 8
219 369
219 95
82 200
82 269
82 216
82 357
82 256
82 151
82 169
82 89
82 262
82 95
105 216
105 357
105 169
59 156
59 89
59 355
59 46
59 262
59 95
59 266
59 200
59 216
59 8
59 22
59 151
59 169
340 18
340 8
340 355
340 287
340 178
340 356
177 32
50 67
266 10
266 144
266 196
266 170
266 150
266 136
266 306
266 34
266 281
266 244
266 37
266 227
266 182
266 300
266 202
266 32
266 110
10 200
10 355
10 92
10 240
10 256
10 369
10 151
10 95
10 216
10 89
10 8
10 262
10 169
144 200
144 156
144 262
144 240
144 151
144 369
196 200
196 156
196 26
196 89
196 262
196 256
196 369
196 379
196 8
196 2
196 240
170 200
170 89
170 8
170 240
170 151
170 262
170 256
170 369
170 95
170 169
150 89
150 8
150 92
150 262
150 240
150 256
150 369
150 151
150 200
150 156
150 169
136 200
136 156
136 89
136 8
136 355
136 151
136 95
136 46
136 169
306 89
306 8
306 262
306 256
306 169
306 338
306 46
306 369
34 156
34 216
34 89
34 8
34 240
34 151
34 200
34 338
34 262
34 369
34 95
281 200
281 256
281 151
281 156
281 26
281 89
281 8
281 369
244 92
244 256
244 369
244 151
244 156
244 89
244 8
244 262
129 276
129 312
129 163
129 223
129 318
276 35
276 356
276 8
276 169
276 379
276 310
276 369
276 151
276 51
312 269
312 18
312 192
312 355
312 95
312 296
312 124
312 169
312 178
163 269
163 35
163 124
163 355
163 169
163 379
163 310
163 151
223 269
223 35
223 18
223 192
223 379
200 227
200 189
200 202
200 380
200 87
200 264
200 37
200 104
200 311
200 52
200 36
200 250
200 351
200 107
200 38
200 347
200 284
200 182
200 233
200 298
200 324
227 156
227 89
227 355
227 22
227 169
227 379
227 369
189 156
189 8
189 256
189 151
189 216
189 89
189 95
189 169
202 156
202 89
202 8
202 240
202 151
202 26
202 262
202 256
202 369
380 262
380 22
380 369
380 151
380 95
380 379
380 8
380 256
380 169
87 216
87 89
87 357
87 95
87 8
87 262
87 151
264 216
264 46
264 151
264 95
264 169
264 379
264 22
37 8
37 240
37 256
37 369
37 89
37 262
37 151
37 95
104 156
104 357
104 256
104 95
104 169
104 262
104 178
311 8
311 369
311 95
311 169
311 89
311 310
52 156
52 8
52 92
52 262
52 240
52 169
52 89
52 256
52 369
52 151
36 156
36 89
36 357
36 338
36 46
36 169
36 379
36 310
36 256
36 296
250 89
250 8
250 262
250 95
250 169
250 379
250 296
250 156
250 357
250 151
351 216
351 95
107 89
107 262
107 256
107 95
269 330
269 207
269 257
269 121
269 378
269 242
269 146
330 35
330 8
330 355
330 151
330 169
330 357
330 369
330 379
207 18
207 124
207 379
207 178
257 18
257 192
257 379
257 310
257 178
121 18
121 192
121 369
121 379
121 310
378 192
378 18
378 35
378 379
378 178
156 197
156 109
156 161
156 298
156 38
156 284
156 242
156 347
156 32
156 300
156 233
156 249
156 182
197 8
197 46
197 256
197 369
197 169
109 89
109 8
109 169
109 178
109 92
109 262
109 151
109 95
161 216
161 338
161 8
161 256
161 151
161 95
161 169
161 357
161 262
161 296
298 8
298 262
298 240
298 369
298 151
298 89
298 256
38 8
38 262
38 240
38 256
38 151
38 95
38 26
38 89
38 92
284 357
284 338
284 262
284 151
284 296
242 216
242 8
242 151
242 357
242 355
242 262
242 169
347 216
347 357
347 8
347 92
347 22
347 151
347 169
347 89
347 355
32 89
32 355
32 92
32 256
32 369
32 95
32 169
32 151
216 332
216 300
216 233
216 304
216 324
216 218
332 8
332 18
332 310
300 89
300 95
300 169
300 8
300 262
233 26
233 89
233 355
233 92
233 22
233 169
233 8
233 240
233 256
233 369
233 95
26 60
26 65
26 251
26 337
60 95
60 169
65 8
65 46
65 369
65 169
65 379
251 211
251 213
251 356
251 369
251 169
18 318
18 188
18 153
318 35
318 192
318 124
318 379
318 178
188 8
188 355
188 151
188 379
188 169
188 178
89 341
89 293
89 198
89 249
89 324
89 17
89 71
341 355
341 262
341 256
341 151
341 95
341 169
341 357
341 8
341 92
293 262
293 151
293 169
198 287
198 338
198 92
198 95
249 8
249 369
249 95
249 169
249 178
249 262
324 256
324 169
324 357
324 262
324 151
357 239
357 218
357 146
357 304
239 8
239 178
239 296
218 338
146 8
146 169
146 379
146 178
356 381
356 67
356 125
356 277
381 46
381 8
381 328
381 211
381 185
67 355
67 46
67 22
67 369
67 169
67 365
67 296
125 8
125 169
125 369
277 8
277 151
277 169
277 185
277 328
277 95
192 315
315 178
338 358
338 131
358 8
358 262
131 169
131 379
131 8
8 142
8 246
8 278
8 371
8 337
8 40
8 110
8 186
8 361
8 214
8 71
8 304
8 123
8 17
8 39
8 283
142 355
142 151
142 51
142 169
142 46
142 369
246 369
246 169
278 355
278 369
278 151
278 141
371 355
371 151
371 169
371 46
337 46
337 151
337 169
40 151
40 169
40 46
110 151
110 169
110 379
110 369
186 355
186 92
186 169
186 46
361 169
361 151
71 256
71 169
71 178
71 262
304 22
304 95
304 169
304 355
355 333
333 240
333 256
333 369
333 151
333 169
328 174
174 169
174 46
174 211
92 17
17 256
17 95
17 169
46 123
123 151
123 169
123 379
262 215
240 182
256 182
182 369
22 275
151 30
151 101
151 263
30 169
101 310
51 153
169 212
169 138
169 307
169 275
169 7
169 283
169 113
169 303
138 296
138 365
307 147
7 310
379 113
310 283
365 148
