124 88
124 116
124 55
124 135
124 80
124 86
124 61
124 349
124 158
124 136
124 163
124 58
124 236
124 119
124 231
124 353
124 362
124 312
124 374
124 142
124 167
124 117
124 195
124 377
124 341
124 20
124 266
124 331
124 77
124 261
124 309
124 172
124 45
124 114
124 275
124 173
124 242
124 314
124 300
124 268
124 347
124 83
124 60
124 65
124 373
124 161
124 16
124 181
124 253
124 32
124 203
124 367
124 237
124 233
124 160
124 50
124 238
124 251
124 64
124 342
124 343
124 240
124 350
124 244
124 243
124 311
124 363
124 206
124 256
124 239
124 128
124 220
124 336
124 132
124 11
124 260
124 351
124 302
124 265
124 3
124 156
124 81
124 49
124 118
124 348
124 372
124 305
124 364
124 12
124 108
124 74
124 354
124 223
124 166
124 287
124 272
124 155
124 95
124 308
124 113
124 182
124 229
124 211
124 219
124 292
124 185
124 122
124 9
124 21
124 162
124 285
124 0
124 248
124 316
124 139
124 249
124 191
124 100
124 57
124 184
124 344
88 157
88 217
88 357
88 263
88 96
88 201
88 8
88 257
116 56
116 273
116 209
116 217
116 90
116 8
116 355
116 257
116 379
116 201
116 263
116 154
116 96
116 170
55 159
55 209
55 267
55 201
55 157
55 217
55 90
55 8
55 263
55 257
55 96
55 379
55 47
55 170
135 56
135 192
135 44
135 368
135 27
135 47
135 241
135 257
135 369
135 154
135 170
135 379
135 8
135 214
80 368
80 357
80 257
80 201
80 217
80 90
80 93
80 369
80 154
80 96
86 201
86 157
86 90
86 357
86 8
86 47
86 154
86 170
86 159
86 273
86 217
86 338
86 257
86 96
61 27
61 154
61 96
349 56
349 177
349 368
349 357
349 338
349 209
158 217
158 90
158 8
158 126
158 263
158 257
158 177
158 368
158 157
158 357
158 154
158 96
158 170
158 297
136 201
136 157
136 217
136 90
136 357
136 22
136 369
136 96
136 56
136 8
136 263
136 170
136 379
163 273
163 177
163 18
163 357
163 8
163 154
163 96
163 379
163 179
163 159
163 209
163 368
163 288
163 170
163 297
58 56
58 368
58 178
58 356
58 170
58 379
58 214
58 44
58 2
58 96
236 56
236 209
236 368
236 157
236 263
236 369
236 96
236 288
236 170
236 177
236 270
236 8
236 126
119 192
119 217
119 356
231 56
231 159
231 44
231 368
231 217
231 90
231 241
231 154
231 177
231 157
231 263
231 257
231 369
231 96
231 170
353 273
353 177
353 209
353 131
353 8
353 126
353 56
362 56
362 273
362 209
362 8
362 126
362 355
362 96
362 297
362 177
362 357
362 193
362 288
312 56
312 368
312 131
312 270
312 126
312 355
312 96
312 297
312 159
312 18
312 357
374 368
374 201
374 217
374 90
374 338
374 8
374 154
374 273
374 263
374 96
142 159
142 368
142 201
142 157
142 90
142 263
142 96
142 170
142 338
142 154
167 56
167 201
167 22
167 369
167 90
167 338
167 257
167 154
167 96
117 177
117 368
117 90
117 357
117 8
117 355
117 263
117 154
117 96
117 170
117 56
117 297
195 209
195 368
195 8
195 126
195 96
195 170
195 177
195 154
377 217
377 27
377 90
377 357
377 263
377 369
377 170
377 179
377 297
377 56
377 273
377 209
377 368
377 178
377 270
377 157
377 257
377 154
341 56
341 273
341 177
341 178
341 270
341 357
341 170
341 297
341 209
341 368
341 126
341 355
341 186
20 273
20 217
20 90
20 8
20 263
20 369
20 368
20 96
20 170
266 177
266 217
266 90
266 357
266 8
266 126
266 263
266 257
266 96
266 170
266 179
266 154
331 368
331 267
331 257
331 96
331 201
331 2
331 154
331 170
77 357
77 356
77 193
77 338
77 8
77 355
77 47
77 369
77 154
77 297
77 159
77 379
261 56
261 177
261 368
261 357
261 126
261 288
261 273
261 270
261 8
261 263
309 273
309 201
309 270
309 217
309 90
309 8
309 154
309 96
309 157
309 357
309 126
309 257
309 22
309 179
309 297
172 192
172 369
45 159
45 192
45 44
45 154
45 52
45 193
45 8
45 355
45 241
114 56
114 273
114 368
114 90
114 126
114 288
114 177
114 8
114 263
114 96
275 177
275 178
275 8
275 355
275 379
275 186
275 368
275 154
173 273
173 270
173 8
173 263
173 297
173 56
173 177
173 368
173 90
173 357
242 56
242 273
242 177
242 209
242 368
242 126
242 47
242 154
242 96
242 379
242 179
242 297
242 131
242 270
242 357
242 8
242 288
242 170
314 192
314 368
314 90
314 8
314 241
314 257
314 154
314 170
314 159
314 27
314 47
314 263
314 369
314 379
300 178
300 8
300 355
300 170
300 368
300 357
300 154
300 186
268 201
268 217
268 357
268 8
268 355
268 47
268 263
268 22
268 369
268 154
268 170
268 379
268 159
268 273
268 90
268 96
347 368
347 217
347 357
347 8
347 355
347 47
347 263
347 22
347 96
347 170
347 379
347 201
347 157
347 93
347 257
347 369
347 154
83 201
83 270
83 157
83 217
83 90
83 357
83 257
83 154
83 273
83 368
83 263
83 96
60 159
60 368
60 267
60 8
60 355
60 257
60 154
60 56
60 217
60 47
60 96
65 273
65 357
65 170
65 159
373 56
373 178
373 270
373 126
373 288
373 170
373 379
373 297
373 177
373 209
373 368
373 131
373 356
373 8
373 328
161 273
161 209
161 368
161 178
161 270
161 357
161 356
161 8
161 126
161 170
161 177
161 154
161 186
16 209
16 217
16 8
16 355
16 263
16 96
16 273
16 368
16 90
16 357
16 126
181 22
181 170
253 56
253 177
253 209
253 368
253 270
253 18
253 193
253 355
253 186
253 273
253 131
253 126
32 56
32 177
32 178
32 131
32 270
32 356
32 8
32 212
32 186
32 209
32 126
32 355
32 170
203 178
203 267
203 201
203 8
203 257
203 44
203 157
203 263
203 369
203 154
367 273
367 270
367 357
367 8
367 22
367 310
367 177
367 126
367 263
367 154
367 170
367 297
237 159
237 44
237 217
237 8
237 47
237 369
237 170
237 356
237 154
233 56
233 159
233 177
233 368
233 131
233 8
233 328
233 212
233 170
233 379
233 209
233 126
233 186
160 273
160 177
160 209
160 357
160 8
160 22
160 56
160 159
160 368
160 126
160 154
50 159
50 44
50 273
50 209
50 157
50 90
50 8
50 96
50 379
50 217
50 357
50 47
50 263
50 22
50 369
50 154
50 170
238 357
238 338
238 8
238 263
238 154
238 96
238 297
238 201
238 157
238 90
238 257
238 170
251 201
251 217
251 8
251 263
251 257
251 379
251 90
251 357
251 154
251 170
251 297
64 273
64 270
64 157
64 90
64 357
64 126
64 96
64 379
64 179
64 177
64 368
64 8
64 355
64 257
64 170
342 357
342 8
342 93
342 257
342 170
342 157
342 355
342 263
342 96
343 159
343 368
343 90
343 126
343 263
343 96
343 288
343 56
343 154
343 297
240 357
240 179
350 126
350 96
350 297
350 56
350 177
350 270
350 357
244 56
244 273
244 368
244 131
244 357
244 193
244 96
244 288
244 170
244 310
243 368
243 8
243 154
243 157
243 355
311 159
311 273
311 201
311 157
311 90
311 357
311 263
363 209
363 178
363 357
363 36
363 193
363 8
363 126
363 170
363 379
363 186
363 368
363 131
363 270
363 355
206 177
206 154
206 310
256 56
256 209
256 368
256 131
256 27
256 357
256 193
256 355
256 96
256 170
256 186
256 273
256 154
239 56
239 177
239 209
239 131
239 270
239 356
239 193
239 8
239 126
239 328
239 212
239 379
239 186
239 178
239 47
239 22
239 369
239 170
128 368
128 51
128 157
128 27
128 90
128 369
128 154
128 96
128 170
128 297
128 56
128 273
128 257
220 273
220 368
220 157
220 217
220 90
220 357
220 355
220 93
220 257
220 154
220 170
220 159
220 209
220 201
220 263
220 379
336 56
336 177
336 209
336 270
336 126
336 263
336 170
336 297
336 273
336 368
336 22
336 154
132 273
132 177
132 209
132 368
132 8
132 93
132 170
132 379
132 56
132 126
132 355
11 159
11 44
11 368
11 93
11 47
11 241
11 96
11 310
11 192
11 267
11 369
11 154
11 170
260 177
260 356
260 355
260 186
260 159
260 8
260 126
351 201
351 96
351 297
351 368
351 217
351 357
302 273
302 93
302 263
302 257
302 368
302 157
302 357
302 8
302 369
302 96
302 297
265 273
265 217
265 90
265 357
265 47
265 263
265 257
265 22
265 369
265 159
265 8
265 170
265 379
3 159
3 192
3 51
3 27
3 356
3 8
3 355
3 328
3 154
3 170
3 214
156 357
156 356
156 8
156 47
156 369
156 297
156 263
156 154
156 96
156 170
81 159
81 209
81 368
81 8
81 355
81 379
81 186
81 297
81 56
81 273
81 270
81 357
81 356
81 126
81 170
49 209
49 357
49 8
49 126
49 355
49 273
49 368
49 131
49 217
49 186
334 337
337 27
337 8
337 379
337 209
337 47
337 22
56 24
56 150
56 339
56 234
56 321
56 91
56 319
56 354
56 291
56 330
56 375
56 141
56 221
56 281
56 110
56 205
56 323
56 164
56 165
56 100
56 272
56 326
56 274
56 43
56 360
56 218
56 84
56 295
56 26
56 4
56 176
56 30
56 9
56 97
56 254
56 308
56 168
56 102
56 364
56 286
56 73
56 108
56 316
56 271
56 13
56 21
56 317
56 293
56 370
56 235
56 68
56 290
56 28
56 121
56 348
56 46
56 211
56 145
56 12
56 246
56 120
56 325
56 366
56 174
56 54
56 127
56 134
56 208
56 344
24 159
24 201
24 338
24 8
24 263
24 257
24 154
24 241
24 96
24 170
150 273
150 90
150 8
150 126
150 177
150 209
150 270
150 193
339 209
339 8
339 154
339 170
234 368
234 201
234 157
234 27
234 90
234 8
234 263
234 241
234 22
234 369
234 154
234 96
234 149
234 209
234 267
234 257
321 273
321 177
321 18
321 193
321 369
321 154
321 170
321 159
321 8
321 126
321 288
91 270
91 126
91 355
91 212
91 154
91 170
91 159
91 178
91 356
91 328
91 186
319 178
319 131
319 270
319 357
319 126
319 355
319 212
319 170
319 177
319 209
319 356
354 273
354 177
354 209
354 357
354 8
354 126
354 93
354 263
354 170
354 157
354 90
354 96
354 288
354 297
291 159
291 177
291 209
291 368
291 270
291 193
291 8
291 154
291 170
291 379
291 186
291 355
291 22
291 310
291 179
330 368
330 18
330 154
330 179
330 209
330 270
330 357
330 36
330 193
330 8
330 126
330 355
330 369
375 154
375 170
375 8
141 273
141 270
141 217
141 154
141 96
141 297
141 368
141 126
141 170
221 177
221 209
221 270
221 357
221 273
221 368
221 126
221 263
221 179
221 297
281 177
281 209
281 368
281 270
281 357
281 193
281 126
281 355
281 154
281 379
281 186
281 178
281 18
281 179
110 44
110 209
110 270
110 357
110 96
110 186
110 297
110 368
110 356
110 355
205 201
205 157
205 90
205 8
205 257
205 154
205 96
205 170
205 217
205 357
323 159
323 51
323 36
323 47
323 369
323 154
323 170
323 177
323 52
164 159
164 131
164 193
164 126
164 154
164 36
165 368
165 192
165 52
100 368
100 267
100 201
100 157
100 90
100 47
100 263
100 257
100 154
100 355
100 241
272 273
272 177
272 209
272 270
272 357
272 193
272 355
272 170
272 379
272 179
272 297
272 263
272 96
272 310
326 177
326 18
326 36
326 193
326 159
326 270
326 355
326 170
326 379
326 186
326 179
274 159
274 177
274 131
274 18
274 379
274 193
43 177
43 338
43 8
43 355
43 288
43 170
43 149
43 368
43 131
43 357
43 193
43 126
43 369
43 96
43 379
43 186
43 297
360 177
360 209
360 178
360 356
360 355
360 170
360 368
360 51
360 328
360 47
360 212
360 379
218 273
218 209
218 368
218 270
218 126
218 297
84 51
84 157
84 356
84 8
84 257
84 96
84 170
295 273
295 368
295 270
295 90
295 126
295 355
295 263
295 96
295 177
295 209
295 8
295 170
26 217
26 90
26 8
26 93
26 257
26 154
26 273
26 201
26 263
26 96
26 170
4 51
4 27
4 8
4 47
4 212
4 154
4 214
4 44
4 328
4 170
176 8
176 159
176 27
30 273
30 201
30 90
30 257
30 170
30 179
30 297
30 157
30 357
30 8
30 263
30 96
9 273
9 126
9 154
9 170
9 186
97 159
97 209
97 368
97 8
97 47
97 154
97 170
97 355
97 328
97 369
254 159
254 177
254 209
254 178
254 270
254 126
254 355
254 154
254 170
254 186
254 18
254 22
254 369
254 379
254 310
308 159
308 201
308 157
308 90
308 338
308 8
308 263
308 170
308 273
308 217
308 357
308 154
308 96
168 178
168 131
168 8
168 328
168 212
168 52
168 170
168 186
168 310
168 126
168 154
102 159
102 355
102 93
102 170
102 379
102 201
102 157
102 263
102 241
364 273
364 177
364 270
364 22
364 369
364 154
364 288
364 179
364 368
364 357
364 8
364 126
364 47
364 263
364 96
286 273
286 177
286 368
286 270
286 356
286 193
286 8
286 126
286 22
286 154
286 96
286 288
286 62
286 357
286 369
286 310
73 209
73 368
73 8
73 126
73 355
73 328
73 154
73 170
73 379
73 186
73 159
73 177
73 178
73 270
73 357
73 356
108 368
108 154
108 96
108 193
108 8
108 170
316 201
316 157
316 357
316 8
316 355
316 263
316 369
316 379
316 217
316 257
316 154
316 170
316 297
271 27
271 8
271 369
271 154
271 214
271 44
271 170
13 159
13 193
13 126
13 22
13 170
13 379
13 310
13 131
13 270
13 18
13 36
13 154
21 273
21 131
21 270
21 356
21 193
21 355
21 96
21 44
21 177
21 209
21 368
21 8
21 126
21 186
21 179
21 297
159 322
159 235
159 204
159 152
159 122
159 327
159 359
159 306
159 277
159 137
159 70
159 147
159 197
159 37
159 246
159 0
159 67
159 200
159 129
159 85
159 317
159 153
159 101
159 325
159 146
159 29
159 59
159 48
159 155
159 207
159 123
159 15
159 248
159 194
159 202
159 289
159 105
159 280
159 227
159 318
159 182
159 230
159 283
159 130
159 245
159 258
159 6
159 1
159 94
159 189
159 87
159 19
159 198
159 296
159 82
322 192
322 44
322 241
322 154
322 267
322 27
322 369
235 177
235 178
235 270
235 356
235 22
235 170
235 186
235 209
235 368
235 131
235 8
235 355
235 328
235 212
235 154
204 192
204 267
204 201
204 157
204 90
204 8
204 47
204 379
204 368
204 241
204 369
152 131
152 18
152 52
152 36
152 379
122 177
122 209
122 126
122 96
122 170
122 297
122 273
122 217
122 357
122 154
327 201
327 90
327 154
327 96
327 170
327 257
359 338
359 47
359 170
359 297
359 368
359 355
359 154
306 90
306 8
306 47
306 154
306 379
306 267
306 201
306 338
306 257
277 131
277 18
277 36
277 356
277 369
277 170
277 310
277 154
277 52
277 379
137 267
137 27
137 257
137 52
137 170
137 214
137 192
137 157
137 241
70 192
70 44
70 267
70 27
70 241
70 257
70 369
70 52
70 379
147 267
147 201
147 157
147 47
147 263
147 369
147 96
147 170
147 368
147 8
147 241
147 379
197 267
197 201
197 157
197 8
197 154
197 257
37 177
37 368
37 157
37 338
37 96
37 170
37 310
37 201
37 90
37 357
37 8
37 47
37 257
37 297
246 209
246 8
246 47
246 170
246 241
246 154
246 379
0 209
0 157
0 90
0 8
0 369
0 154
0 217
0 257
67 209
67 267
67 90
67 263
67 257
67 96
67 170
67 201
67 157
67 8
67 154
200 273
200 209
200 357
200 193
200 47
200 22
200 154
200 96
200 170
200 157
200 90
200 8
200 355
200 263
200 369
200 379
129 170
129 8
129 154
85 192
85 44
85 209
85 267
85 8
85 2
85 241
85 369
85 154
85 170
85 27
85 52
85 214
317 44
317 27
317 8
317 47
317 2
317 369
317 170
317 379
317 22
317 214
153 201
153 8
153 257
153 369
153 154
153 379
153 177
153 157
153 338
153 170
101 192
101 44
101 2
101 369
101 154
101 52
101 214
101 267
325 27
325 8
325 369
325 154
325 170
325 214
325 51
325 52
146 267
146 8
146 263
146 241
146 170
146 157
146 257
29 192
29 267
29 355
29 263
29 170
29 178
29 8
29 52
59 267
59 154
59 52
59 44
59 27
59 369
59 214
48 267
48 157
48 27
48 8
48 241
48 52
48 379
48 192
48 154
48 170
155 368
155 217
155 90
155 338
155 8
155 263
155 257
155 22
155 154
155 96
155 170
155 157
155 357
207 27
207 356
207 355
207 22
207 52
207 170
207 379
207 44
207 214
123 368
123 131
123 18
123 193
123 369
123 154
123 170
123 379
123 270
123 310
15 273
15 355
15 368
15 154
248 209
248 357
248 22
248 96
248 170
248 157
248 338
248 154
194 44
194 177
194 8
194 328
194 369
194 96
194 52
194 170
194 310
194 356
194 154
194 379
202 178
202 36
202 8
202 154
202 170
202 368
202 379
289 44
289 356
289 154
289 170
289 328
289 47
289 186
289 214
105 8
105 47
105 154
105 170
105 379
105 214
105 209
105 369
280 36
280 379
192 228
192 130
192 227
192 252
192 290
192 352
192 71
192 329
192 82
192 269
192 14
192 259
192 180
228 201
228 8
228 241
228 257
228 369
228 90
228 355
228 22
228 154
228 170
228 379
130 44
130 51
130 328
130 241
130 369
130 52
130 214
227 131
227 36
227 379
227 310
227 52
252 44
252 27
252 356
252 328
252 47
252 170
252 214
252 51
252 369
290 209
290 157
290 241
290 154
290 170
290 44
290 27
290 8
290 47
290 257
290 369
352 47
352 154
352 52
352 379
352 177
352 170
71 44
71 368
71 267
71 27
71 18
71 8
71 126
71 355
71 93
71 263
71 257
71 369
71 154
71 170
71 157
71 241
329 27
329 369
329 241
82 368
82 193
82 8
82 47
82 241
82 170
82 379
82 355
82 22
82 369
44 139
44 381
44 134
44 5
44 313
44 14
44 262
44 19
44 269
44 95
44 66
44 282
44 144
44 210
44 42
44 303
139 368
139 90
139 357
139 193
139 126
139 157
139 217
139 154
139 96
139 170
381 368
381 356
381 328
381 47
381 212
381 209
381 8
134 51
134 27
134 338
134 241
134 369
134 170
134 149
134 214
134 126
134 47
134 379
5 177
5 209
5 126
5 328
5 154
5 170
5 186
5 365
5 356
313 27
313 2
313 214
313 8
313 47
313 369
313 212
313 170
14 241
14 369
14 154
14 170
14 8
14 257
14 379
262 288
262 170
19 209
19 257
19 22
19 369
19 154
19 8
19 355
19 52
19 170
269 267
269 8
269 52
269 170
269 379
269 369
273 372
273 199
273 370
273 145
273 255
273 191
273 185
273 344
273 184
273 211
273 120
273 287
273 23
273 188
273 74
273 348
273 12
273 249
273 113
273 376
273 229
273 118
273 54
273 174
273 346
372 157
372 357
372 263
372 369
372 170
372 297
372 338
372 8
372 154
199 177
199 90
199 8
199 93
199 263
199 96
199 310
370 177
370 209
370 131
370 270
370 357
370 193
370 126
370 355
145 368
145 90
145 126
145 263
145 369
145 96
145 170
145 297
145 209
145 357
145 379
145 179
255 177
255 209
255 270
255 62
255 131
255 379
255 365
191 209
191 368
191 8
191 96
191 179
191 297
191 177
191 217
185 368
185 201
185 157
185 217
185 263
185 257
185 96
344 209
344 368
344 270
344 357
344 356
344 8
344 355
344 170
344 177
344 126
344 297
184 157
184 217
184 90
184 357
184 263
184 96
184 179
184 257
211 177
211 368
211 357
211 8
211 297
211 209
211 126
211 96
211 170
120 368
120 357
120 193
120 154
120 96
120 288
120 179
120 209
120 90
120 126
120 263
287 368
287 157
287 217
287 357
287 93
287 263
287 96
287 170
287 8
287 257
23 209
23 270
23 355
23 96
23 177
23 357
23 297
188 217
188 90
188 357
188 93
188 263
188 96
188 368
188 288
74 368
74 201
74 157
74 8
74 96
74 217
74 90
74 257
74 154
348 177
348 209
348 338
348 8
348 126
348 355
348 263
348 365
177 226
177 113
177 148
177 28
177 63
177 292
177 33
177 121
177 34
177 98
177 366
177 127
177 12
177 54
177 166
177 118
177 1
177 79
177 232
177 92
177 41
226 209
226 270
226 357
226 193
226 355
226 369
226 154
226 170
226 368
226 22
226 288
113 209
113 357
113 8
113 96
113 368
113 217
113 338
113 170
113 297
148 270
148 157
148 170
148 379
148 179
148 8
28 368
28 157
28 217
28 357
28 126
28 96
28 209
28 90
28 8
28 179
28 297
63 18
63 357
63 8
63 355
63 22
63 379
63 270
63 170
292 209
292 368
292 90
292 263
292 96
292 357
33 267
33 157
33 8
33 93
33 263
33 257
33 369
33 154
33 96
33 170
33 355
121 209
121 368
121 8
121 154
121 96
121 297
121 270
121 217
121 18
121 90
121 179
34 297
98 47
98 263
98 379
98 201
98 8
98 22
98 369
98 96
98 170
366 270
366 357
366 36
366 193
366 126
366 154
366 170
366 186
366 209
366 178
366 131
366 18
366 355
366 379
366 179
127 356
127 8
127 369
127 368
12 193
12 8
12 126
12 263
12 96
54 209
54 368
54 131
54 270
54 357
54 193
54 8
54 126
54 355
54 96
54 288
54 170
54 179
54 297
209 278
209 229
209 79
209 230
209 346
209 1
209 118
209 46
209 76
209 376
209 138
209 92
209 232
209 182
209 6
209 104
209 68
209 94
209 249
278 8
278 212
278 154
278 170
278 356
229 217
79 368
79 270
79 157
79 357
79 126
79 297
79 90
79 263
79 179
230 368
230 267
230 201
230 157
230 356
230 8
230 47
230 263
230 241
230 257
230 369
230 96
230 379
230 27
230 90
230 170
230 310
346 368
346 131
346 270
346 18
346 193
346 8
346 126
346 297
346 379
1 51
1 27
1 90
1 263
1 257
1 369
1 157
1 93
118 270
118 126
118 355
118 96
118 297
118 368
46 27
368 345
368 210
368 68
368 166
368 76
368 296
368 305
368 293
368 41
368 107
368 169
368 78
368 249
368 247
368 264
368 340
345 157
345 257
345 217
345 357
345 170
345 310
210 27
210 355
210 47
210 257
210 369
210 154
210 170
210 267
210 8
68 51
68 8
68 22
68 369
68 170
68 365
68 356
68 355
166 357
166 8
166 355
166 270
166 369
166 154
166 170
166 179
76 157
76 217
76 357
76 338
76 263
76 96
76 297
76 90
296 201
296 157
296 18
296 47
296 263
296 241
296 369
296 154
296 96
296 170
296 267
296 90
296 8
296 355
305 90
305 357
305 193
305 263
305 288
305 297
305 93
305 149
293 201
293 157
293 8
293 93
293 154
293 96
293 170
293 90
293 357
293 263
293 257
41 47
41 27
41 8
41 154
178 259
267 144
267 94
267 75
267 138
267 299
267 171
267 92
267 190
267 39
267 89
267 10
267 38
267 53
267 112
267 169
267 320
267 35
267 151
267 282
267 303
267 69
144 8
144 22
144 154
144 52
144 241
144 170
94 201
94 338
94 355
94 47
94 241
94 257
94 369
94 154
94 170
94 379
94 157
75 90
75 263
75 369
75 96
75 93
75 154
138 201
138 157
138 90
138 355
138 263
138 257
138 170
138 369
138 154
299 90
299 8
299 241
299 369
299 154
299 96
299 170
299 157
299 263
299 257
171 201
171 90
171 263
171 241
171 257
171 369
171 154
171 93
92 157
92 356
92 8
92 263
92 369
92 90
92 257
92 96
190 157
190 217
190 263
190 257
190 369
190 96
190 170
190 201
190 90
190 241
39 201
39 8
39 93
39 263
39 170
39 27
39 369
39 96
89 201
89 241
89 257
89 170
89 90
89 263
89 154
10 157
10 90
10 355
10 241
10 257
10 369
10 154
10 96
10 170
10 217
10 8
10 93
38 201
38 90
38 8
38 93
38 241
38 96
38 27
38 263
38 257
38 369
38 154
53 90
53 93
53 241
53 369
53 154
53 201
53 157
53 8
53 263
53 96
112 241
112 212
112 52
112 170
112 379
112 8
112 214
131 258
131 284
131 318
131 224
131 378
258 270
258 18
258 379
258 310
284 18
284 8
284 379
284 186
284 193
284 170
284 310
318 126
318 170
318 179
318 36
318 379
318 310
224 18
224 36
224 379
224 179
224 270
224 193
378 36
378 179
378 193
378 379
201 57
201 35
201 151
201 285
201 106
201 183
201 182
201 245
201 109
201 162
201 169
201 283
201 301
57 27
57 338
57 355
57 263
57 96
57 170
57 379
57 217
57 8
57 22
57 369
35 217
35 90
35 338
35 241
35 22
35 369
35 154
35 96
35 355
35 257
35 170
151 157
151 154
151 96
151 170
151 90
151 8
151 93
151 241
151 369
285 263
285 257
285 154
285 170
285 179
285 357
106 157
106 357
106 8
106 154
106 170
106 179
106 257
183 157
183 263
183 257
183 369
183 154
182 8
182 263
182 369
182 379
182 297
182 357
182 96
270 208
157 169
157 17
157 196
157 78
157 72
157 380
157 249
157 301
157 95
157 69
157 283
157 324
157 198
157 6
157 111
157 282
157 298
157 250
169 355
169 22
169 154
169 90
169 8
169 263
169 369
169 96
169 170
17 263
17 96
17 170
17 310
17 90
17 8
17 93
196 90
196 8
196 257
196 170
196 241
196 369
196 154
78 263
78 257
78 379
78 297
78 356
78 8
78 170
72 90
72 263
72 257
72 179
72 193
380 90
380 8
380 257
380 369
380 154
380 96
380 379
380 170
249 90
249 357
249 126
249 263
249 297
249 96
301 217
301 8
301 263
301 369
301 154
301 96
301 90
301 257
301 170
95 90
95 257
95 369
95 154
95 96
95 93
95 263
95 170
69 93
69 263
69 22
69 170
69 379
69 90
69 47
69 257
69 154
283 357
283 355
283 257
283 369
283 154
283 96
283 8
283 263
283 170
324 90
324 357
324 257
324 96
324 170
324 8
324 263
324 154
324 149
198 8
198 47
198 257
6 47
6 257
6 22
6 154
6 96
6 170
6 217
6 8
6 355
62 232
62 174
232 8
232 154
232 170
232 365
232 297
217 219
217 304
219 357
219 96
304 22
304 154
304 90
304 8
304 369
304 96
27 42
27 282
18 104
18 340
18 315
18 189
18 332
104 193
104 8
104 355
104 47
104 263
104 22
104 154
104 170
104 379
340 357
340 8
340 179
340 355
340 288
315 193
315 179
90 250
90 162
90 111
90 282
90 222
90 216
90 109
250 263
250 257
250 179
250 8
250 93
250 154
250 170
162 338
162 257
162 154
162 170
162 357
162 8
162 96
162 297
111 154
111 170
111 8
111 93
111 96
282 263
282 241
282 257
282 154
222 263
222 179
222 96
357 107
357 225
356 259
356 279
259 355
259 328
259 369
259 154
259 170
259 186
193 66
193 180
338 133
338 225
338 358
133 154
133 170
133 379
133 8
225 8
225 369
225 297
225 170
8 332
8 66
8 175
8 125
8 335
8 87
8 247
8 358
8 279
8 215
8 25
8 307
8 216
8 245
8 371
8 187
8 189
8 103
8 298
8 42
8 140
332 310
66 369
66 170
66 379
175 170
175 47
125 47
125 154
125 170
125 379
335 355
335 22
335 288
335 170
335 310
247 369
358 263
279 355
279 369
279 154
279 143
279 379
215 96
215 288
25 369
307 154
126 208
355 333
355 180
355 189
355 371
355 208
355 187
333 241
333 257
333 369
333 170
180 47
180 241
180 22
180 52
180 369
180 170
189 154
189 170
189 179
371 47
371 154
371 170
93 187
93 245
93 294
187 47
187 154
187 170
245 257
245 96
245 170
245 263
245 241
263 216
263 294
241 109
241 320
109 257
320 257
320 154
320 369
320 170
22 303
369 42
369 303
154 361
154 31
154 264
154 303
154 140
154 103
154 294
361 170
31 170
264 170
303 52
303 170
303 214
140 170
140 365
170 376
170 115
170 103
170 7
170 294
170 Q0255
170 276
170 213
170 99
170 174
170 40
376 365
115 379
103 310
7 310
379 208
208 179
310 99
