124 20
124 332
124 117
124 186
124 173
124 316
124 236
124 54
124 342
124 110
124 141
124 365
124 163
124 97
124 80
124 120
124 234
124 26
124 0
124 58
124 196
124 175
124 224
124 63
124 307
124 317
124 189
124 167
124 239
124 303
124 151
124 373
124 221
124 100
124 183
124 245
124 121
124 71
124 374
124 348
124 50
124 355
124 108
124 61
124 252
124 15
124 4
124 118
124 81
124 37
124 135
124 318
124 260
124 219
124 354
124 232
124 113
124 222
124 375
124 206
124 76
124 287
124 65
124 30
124 119
124 55
124 12
124 192
124 325
124 9
124 162
124 364
124 181
124 349
124 371
124 249
124 159
124 343
124 378
124 276
124 132
124 185
124 240
124 45
124 88
124 226
124 352
124 145
124 250
124 82
124 95
124 204
124 21
124 77
124 212
124 49
124 122
124 142
124 16
124 238
124 73
124 114
124 347
124 233
124 168
124 306
124 288
124 269
124 292
124 262
124 336
124 223
124 257
124 254
124 32
124 310
124 220
124 136
124 164
124 5
124 367
124 313
124 116
124 314
124 346
124 57
124 345
124 43
124 337
124 350
20 178
20 369
20 218
20 126
20 370
20 289
20 274
20 90
20 358
20 264
20 155
20 96
20 171
332 202
332 158
332 8
332 2
332 258
332 96
332 56
332 369
332 268
117 210
117 8
117 356
117 96
117 171
117 298
117 178
117 271
117 90
117 126
117 264
117 155
186 369
186 218
186 358
186 264
186 274
186 158
173 193
173 370
173 52
173 8
173 242
316 268
316 158
316 90
316 264
316 258
316 370
316 380
316 56
316 160
316 369
316 8
316 93
316 47
316 155
236 56
236 160
236 274
236 178
236 210
236 369
236 271
236 90
236 358
236 8
236 126
236 264
236 289
236 171
236 96
54 274
54 178
54 369
54 131
54 271
54 194
54 126
54 356
54 96
54 289
54 180
54 298
54 210
54 358
54 8
54 171
342 56
342 274
342 178
342 210
342 369
342 179
342 356
342 271
342 358
342 155
110 56
110 44
110 274
110 210
110 358
110 357
110 8
110 126
110 187
110 96
110 298
141 358
141 8
141 126
141 171
141 180
141 56
141 274
141 218
141 298
365 56
365 210
365 369
365 90
365 47
365 370
365 155
365 180
365 178
365 358
365 8
365 126
365 264
365 22
163 202
163 158
163 90
163 264
163 258
163 298
163 155
97 369
97 329
97 47
97 155
97 171
97 160
97 8
97 356
80 369
80 158
80 90
80 358
80 264
80 155
80 96
80 171
80 56
80 274
80 202
80 218
80 93
80 258
80 370
120 274
120 178
120 271
120 90
120 194
120 126
120 155
120 171
120 180
120 56
120 96
234 56
234 160
234 178
234 179
234 131
234 357
234 126
234 356
234 155
234 210
234 8
234 329
234 47
26 274
26 202
26 218
26 90
26 358
26 8
26 264
26 258
26 56
26 93
0 160
0 202
0 218
0 90
0 358
0 8
0 93
0 370
0 155
0 96
0 171
0 380
0 210
0 158
0 47
58 56
58 179
58 27
58 357
58 8
58 2
58 171
58 44
58 380
58 215
196 56
196 160
196 210
196 369
196 8
196 96
196 171
196 274
196 178
175 56
175 274
175 178
224 274
224 178
63 274
63 178
63 271
63 158
63 90
63 8
63 126
63 258
63 96
63 171
63 356
307 369
307 90
307 194
307 8
307 93
307 264
307 96
307 289
307 149
307 358
307 298
317 56
317 274
317 158
317 358
317 356
317 96
317 298
317 8
317 264
317 155
317 171
189 274
189 369
189 158
189 218
189 264
189 96
189 289
189 90
167 369
167 271
167 8
167 380
167 180
167 298
239 56
239 90
239 339
239 8
239 264
239 96
239 171
239 202
239 358
239 155
303 90
303 93
303 370
303 298
303 274
303 264
151 56
151 178
151 210
151 369
151 271
151 90
151 8
151 96
151 264
373 90
373 339
373 264
373 155
373 96
373 56
373 202
373 158
373 358
373 370
373 171
373 298
221 160
221 274
221 210
221 369
221 218
221 356
221 264
221 258
221 370
221 96
221 358
221 380
100 369
100 268
100 202
100 8
100 356
100 242
100 370
100 155
100 96
100 171
100 56
100 158
100 264
183 160
183 274
183 210
183 339
183 8
183 356
183 264
183 258
183 155
183 298
183 218
183 90
183 370
183 380
245 56
245 274
245 178
245 369
245 131
245 358
245 194
245 312
245 210
245 8
245 126
245 96
245 289
121 369
121 8
121 126
121 180
121 298
121 56
121 274
121 178
121 210
121 271
121 18
121 90
121 356
121 264
121 22
121 96
71 56
71 44
71 369
71 47
71 264
71 242
71 258
71 370
71 155
71 171
71 149
71 193
71 51
71 268
71 18
71 8
71 93
374 179
374 271
374 357
374 8
374 356
374 329
374 171
374 187
374 298
374 210
374 369
374 358
374 289
374 380
348 160
348 369
348 93
348 258
348 370
348 96
348 158
348 8
348 47
50 44
50 274
50 202
50 218
50 358
50 47
50 22
50 370
50 155
50 171
50 160
50 8
50 264
50 96
50 380
355 56
355 158
355 358
355 8
355 264
355 289
355 178
355 90
355 126
355 93
355 180
108 160
108 210
108 194
108 8
108 155
108 171
108 96
61 155
61 96
61 44
61 27
61 171
252 202
252 90
252 339
252 8
252 264
252 258
252 155
252 96
252 358
252 171
252 298
15 160
15 274
15 369
15 8
15 356
15 171
15 178
15 339
15 155
4 27
4 370
4 213
4 155
4 215
4 56
4 51
4 357
4 8
4 47
4 171
118 178
118 210
118 369
118 271
118 126
118 356
118 298
118 56
118 358
118 96
118 187
81 274
81 369
81 202
81 158
81 358
81 264
81 171
81 298
81 258
81 96
37 160
37 178
37 202
37 158
37 358
37 8
37 258
37 96
37 171
37 312
37 298
37 339
37 264
37 380
135 56
135 268
135 27
135 8
135 47
135 242
135 370
135 155
135 380
135 160
135 193
135 369
135 52
318 56
318 160
318 44
318 210
318 8
318 2
318 22
318 370
318 155
318 171
318 380
318 215
260 56
260 369
260 271
260 358
260 126
260 96
260 178
260 210
260 8
219 56
219 274
219 369
219 271
219 171
219 210
219 358
219 126
219 298
354 274
354 366
354 178
354 210
354 62
232 160
232 44
232 210
232 90
232 258
232 171
232 369
232 268
232 158
232 218
232 8
232 242
232 155
113 274
113 178
113 210
113 369
113 358
113 339
113 126
113 218
113 356
113 264
113 171
222 56
222 178
222 210
222 369
222 271
222 358
222 126
222 96
222 298
222 274
222 194
375 158
375 218
375 90
375 339
375 264
375 22
375 155
375 202
375 358
375 8
375 96
206 178
206 155
206 171
206 312
76 274
76 178
76 369
76 158
76 218
76 90
76 264
76 298
76 210
76 358
287 369
287 62
287 358
287 8
287 126
287 96
287 289
287 274
287 210
287 194
287 22
65 274
65 369
65 358
65 339
65 96
30 358
30 8
30 264
30 258
30 56
30 274
30 96
30 171
30 180
30 298
119 193
119 357
119 8
119 52
119 51
55 210
55 218
55 358
55 8
55 264
55 258
55 155
55 380
55 160
55 268
55 202
55 22
55 171
12 274
12 178
12 271
12 194
12 264
12 96
12 56
12 369
192 274
192 210
192 369
192 271
192 218
192 8
192 126
192 264
192 96
192 289
192 178
192 180
192 298
325 158
325 218
325 8
325 264
325 258
325 155
325 171
325 149
9 56
9 178
9 210
9 369
9 271
9 8
9 126
9 187
9 274
9 155
162 56
162 274
162 210
162 369
162 357
162 126
162 356
162 155
162 171
162 187
162 271
364 210
364 179
364 271
364 18
364 358
364 194
364 126
364 171
364 187
364 56
364 8
364 370
364 155
181 171
349 56
349 126
349 96
349 274
349 369
349 339
371 274
371 178
371 358
371 126
371 187
371 210
371 369
371 131
371 194
371 96
249 210
249 202
249 339
249 8
249 22
249 171
249 158
249 358
249 96
159 274
159 218
159 90
159 358
159 155
159 96
159 171
159 180
159 298
159 160
159 178
159 126
159 264
343 158
343 90
343 8
343 356
343 93
343 258
343 155
343 171
343 264
378 178
378 271
378 126
378 264
378 258
378 370
378 155
378 96
378 180
378 56
378 274
378 210
378 218
378 90
378 358
378 171
378 298
276 56
276 210
276 179
276 271
276 358
276 8
276 356
276 171
276 187
276 369
132 56
132 274
132 178
132 356
132 369
132 126
132 171
185 274
185 358
185 258
185 171
185 369
185 158
240 56
240 178
240 210
240 179
240 131
240 271
240 8
240 356
240 22
240 155
240 380
240 160
240 357
240 126
240 329
240 47
240 370
240 171
240 187
335 75
75 178
75 268
75 8
75 242
75 258
75 96
75 158
75 264
75 370
75 155
56 376
56 350
56 104
56 23
56 60
56 367
56 237
56 314
56 29
56 73
56 68
56 337
56 114
56 322
56 255
56 273
56 24
56 32
56 291
56 212
56 344
56 49
56 5
56 272
56 174
56 79
56 327
56 28
56 256
56 127
56 275
56 296
56 257
56 182
56 207
56 320
56 91
56 43
56 230
56 169
56 168
56 145
56 165
56 294
56 345
56 247
56 177
56 137
56 161
56 11
56 134
56 340
56 331
56 166
56 84
56 351
56 361
376 8
376 155
376 171
350 339
350 264
350 155
350 274
350 126
350 356
350 171
104 210
104 194
104 8
104 356
104 264
104 22
104 171
104 160
104 18
104 155
104 380
23 369
23 271
23 126
23 96
23 298
23 274
23 178
23 358
23 356
60 369
60 268
60 202
60 218
60 90
60 8
60 356
60 22
60 155
60 96
60 264
60 242
60 171
367 131
367 18
367 36
367 194
367 155
367 380
367 178
367 210
367 369
367 179
367 358
367 356
367 171
237 369
237 131
237 22
237 213
237 171
237 380
237 271
237 8
237 356
237 329
237 155
314 160
314 358
314 194
314 126
314 356
314 96
314 171
314 180
314 298
314 369
314 271
29 160
29 44
29 268
29 27
29 90
29 155
29 52
29 193
29 158
29 264
29 370
73 358
73 357
73 8
73 126
73 329
73 370
73 213
73 171
73 312
73 160
73 369
73 155
68 356
68 210
68 47
68 370
337 178
337 358
337 8
337 264
337 298
337 22
337 155
337 96
114 210
114 90
114 8
114 126
114 264
114 96
114 289
114 171
114 274
114 358
322 160
322 274
322 18
322 194
322 8
322 126
322 289
322 171
322 178
322 370
255 160
255 131
255 18
255 8
255 356
255 22
255 370
255 380
255 210
255 369
255 271
255 194
255 126
255 187
273 274
273 369
273 271
273 194
273 356
273 96
273 298
273 210
273 126
273 171
273 380
273 180
24 202
24 158
24 218
24 90
24 264
24 242
24 96
24 268
24 8
24 22
24 171
32 160
32 178
32 369
32 179
32 271
32 358
32 8
32 126
32 356
32 329
32 213
32 171
32 187
32 312
32 131
291 210
291 268
291 158
291 8
291 47
291 370
291 171
291 27
291 242
291 258
212 178
212 210
212 369
212 271
212 218
212 358
212 126
212 356
212 155
212 96
212 171
212 8
212 298
344 160
344 358
344 96
344 171
344 298
344 369
344 90
344 264
344 155
49 178
49 369
49 271
49 8
49 126
49 356
49 171
49 187
49 210
49 218
49 358
5 44
5 210
5 369
5 131
5 271
5 357
5 126
5 155
5 171
5 187
5 366
272 370
272 155
272 44
272 27
272 8
174 178
174 369
174 271
174 90
174 264
174 358
174 96
174 298
79 178
79 210
79 369
79 218
79 90
79 358
79 126
79 264
79 180
79 274
79 158
79 96
79 298
327 160
327 178
327 271
327 18
327 194
327 8
327 126
327 370
327 187
327 180
327 131
327 171
28 178
28 210
28 264
28 96
28 180
28 298
28 218
28 90
256 271
256 380
256 366
256 210
256 131
256 171
127 357
127 370
127 178
127 179
127 171
275 131
275 18
275 194
275 155
275 380
275 271
296 210
296 369
296 358
296 8
296 126
296 264
296 96
296 171
296 271
296 356
296 298
257 274
257 178
257 210
257 369
257 131
257 27
257 358
257 8
257 126
257 271
257 96
182 47
182 242
182 370
182 171
182 193
182 22
182 155
182 52
207 202
207 158
207 358
207 264
207 258
207 155
207 96
207 171
207 90
207 8
320 271
320 8
320 126
320 187
320 178
320 179
320 131
320 358
320 356
91 160
91 131
91 357
91 126
91 356
91 329
91 47
91 213
91 52
91 380
91 187
91 8
91 155
43 178
43 210
43 131
43 358
43 8
43 370
43 289
43 180
43 298
43 369
43 339
43 96
43 171
230 210
230 369
230 158
230 357
230 242
230 258
230 22
230 370
230 380
230 202
230 8
230 47
230 264
230 155
230 312
169 160
169 179
169 51
169 356
169 329
169 213
169 155
169 52
169 312
169 131
169 8
169 126
169 380
168 210
168 90
168 339
168 8
168 47
168 370
168 202
168 356
168 242
168 96
168 171
145 210
145 369
145 271
145 90
145 358
145 370
145 96
145 171
145 380
145 180
145 178
145 126
145 264
145 298
160 19
160 153
160 154
160 381
160 281
160 308
160 265
160 310
160 101
160 261
160 269
160 328
160 361
160 137
160 94
160 360
160 98
160 82
160 122
160 259
160 228
160 156
160 11
160 297
160 35
160 86
160 284
160 129
160 83
160 130
160 313
160 147
160 353
160 288
160 292
160 368
160 205
160 247
160 161
160 304
160 199
160 203
160 164
160 1
160 324
160 246
160 85
160 195
160 148
160 48
160 208
160 266
160 105
160 285
160 45
160 251
160 262
160 123
160 321
160 290
160 67
160 6
19 193
19 44
19 27
19 8
19 356
19 47
19 242
19 258
19 370
19 171
19 268
19 22
19 155
153 36
153 380
153 18
153 52
154 47
154 380
154 178
154 202
154 158
154 8
154 258
154 171
381 210
381 90
381 258
381 22
381 155
381 96
381 380
381 268
381 158
381 8
381 264
381 370
281 36
281 8
308 268
308 202
308 90
308 339
308 264
308 370
308 155
308 96
308 171
308 258
308 380
265 171
310 202
310 158
310 218
310 90
310 358
310 258
310 155
310 96
310 171
310 210
310 369
310 339
310 264
310 298
101 193
101 268
101 8
101 2
101 242
101 370
101 155
101 44
101 52
101 215
261 179
261 356
261 329
261 370
261 213
261 155
261 171
261 187
261 193
261 44
261 178
261 357
261 215
269 274
269 202
269 158
269 8
269 356
269 264
269 22
269 155
269 171
269 380
269 258
328 158
328 8
328 47
328 380
328 178
328 202
328 90
328 258
328 155
328 96
361 210
361 369
361 51
361 131
361 357
361 155
361 171
361 380
361 187
361 179
361 356
361 329
361 47
361 213
137 158
137 27
137 8
137 258
137 155
137 171
137 215
137 193
137 44
137 268
137 370
94 268
94 8
94 242
94 258
94 155
94 210
94 158
94 339
94 356
94 47
94 370
94 171
360 356
360 22
360 155
360 171
360 380
360 298
360 8
98 178
98 202
98 90
98 47
98 155
98 171
98 158
98 22
82 357
82 380
82 298
82 178
82 210
82 271
82 358
82 187
122 178
122 210
122 90
122 358
122 126
122 171
122 298
122 369
122 8
122 155
259 18
259 36
259 194
259 380
259 131
259 312
228 193
228 36
228 52
228 380
228 312
156 369
156 158
156 218
156 356
156 47
156 258
156 96
156 90
156 339
156 8
156 22
156 171
11 193
11 357
11 93
11 47
11 155
11 96
11 52
11 171
11 312
11 44
11 242
11 370
11 215
297 369
297 202
297 356
297 242
297 155
297 171
297 268
297 339
297 264
297 370
35 339
35 356
35 264
35 22
35 155
35 96
35 202
35 194
35 8
35 370
86 274
86 158
86 218
86 339
86 8
86 258
86 96
86 202
86 90
86 358
86 47
86 155
86 171
86 380
284 202
284 158
284 90
284 358
284 356
284 264
284 22
284 370
284 96
284 27
284 8
284 171
129 8
129 155
83 369
83 242
83 22
83 370
83 52
83 171
83 193
83 194
83 356
83 47
83 155
130 193
130 44
130 268
130 329
130 370
130 213
130 215
130 51
130 27
130 357
130 242
313 274
313 202
313 90
313 358
313 8
313 264
313 370
313 96
313 171
313 158
147 268
147 202
147 158
147 47
147 242
147 171
147 90
147 264
147 258
147 370
147 380
353 193
353 178
353 369
353 380
353 47
353 155
353 52
288 274
288 358
288 93
288 171
288 369
288 90
288 258
288 96
292 178
292 22
292 171
292 187
292 180
292 210
292 271
292 126
292 356
292 155
292 380
368 274
368 210
368 369
368 358
368 8
368 264
368 22
368 171
368 298
368 178
368 96
368 380
205 193
205 202
205 27
205 47
205 264
205 242
205 258
205 171
205 178
205 90
205 155
247 8
247 242
247 171
247 380
247 47
247 155
161 178
161 369
161 126
161 22
161 143
161 171
161 274
161 358
161 8
161 155
304 27
304 8
304 22
304 370
304 155
304 52
304 215
304 193
304 268
304 2
304 171
193 112
193 3
193 66
193 48
193 166
193 144
193 70
193 326
193 59
193 270
193 42
193 323
193 45
193 229
193 253
112 8
112 242
112 370
112 52
112 213
112 155
112 380
112 215
3 44
3 51
3 27
3 356
3 155
3 171
3 380
3 312
3 215
3 357
3 8
3 52
66 44
66 27
66 8
66 47
66 370
66 171
66 380
48 44
48 268
48 47
48 242
48 258
48 52
48 171
48 215
48 27
166 51
166 52
166 357
166 370
144 44
144 268
144 47
144 242
144 22
144 370
144 155
144 356
144 171
70 44
70 268
70 27
70 8
70 242
70 380
326 27
326 8
326 370
326 52
326 215
326 171
59 44
59 51
59 27
59 370
59 268
59 8
59 52
59 171
59 215
270 44
270 8
270 47
270 268
270 242
270 370
270 171
270 380
42 202
42 90
42 258
42 370
42 155
42 158
42 27
42 8
42 264
42 242
323 268
323 27
323 370
323 155
323 215
323 44
323 52
44 208
44 85
44 21
44 330
44 283
44 139
44 197
44 14
44 157
44 204
44 195
44 315
44 238
44 382
208 155
208 171
208 380
208 215
208 194
208 8
208 213
85 268
85 27
85 242
85 370
85 155
85 52
85 171
85 380
85 210
85 8
85 2
85 215
21 274
21 178
21 210
21 369
21 179
21 131
21 358
21 194
21 380
21 180
21 298
21 271
21 18
21 357
21 126
21 155
21 96
21 171
330 51
330 242
330 27
330 52
283 158
283 155
283 268
283 90
283 264
283 242
283 258
283 370
139 274
139 369
139 271
139 158
139 218
139 90
139 358
139 194
139 8
139 171
139 126
139 264
197 268
197 202
197 158
197 90
197 8
197 258
197 27
197 171
14 268
14 27
14 8
14 242
14 258
14 155
14 380
14 370
157 357
157 47
157 171
157 298
157 369
157 8
157 264
157 180
204 202
204 158
204 27
204 8
204 264
204 242
204 370
204 155
204 179
204 171
274 74
274 250
274 351
274 243
274 282
274 346
274 34
274 164
274 116
274 347
274 142
274 128
274 233
274 377
274 363
274 201
274 293
274 345
274 200
274 217
274 267
274 254
74 218
74 90
74 358
74 155
74 202
74 158
74 8
74 258
74 96
74 171
250 178
250 210
250 369
250 158
250 90
250 339
250 264
250 96
250 298
351 210
351 96
351 178
351 369
243 178
243 131
243 271
243 18
243 358
243 194
243 8
243 356
243 96
243 380
243 369
243 126
243 47
243 180
243 298
282 178
282 179
282 131
282 271
282 358
282 356
282 155
282 380
282 180
282 210
346 369
346 158
346 218
346 358
346 93
346 264
346 171
346 312
346 96
34 178
34 298
164 178
164 194
164 126
164 356
164 155
164 96
164 171
164 298
164 369
164 131
164 271
164 358
164 289
164 380
116 210
116 202
116 158
116 358
116 356
116 96
116 380
116 218
116 8
116 258
116 22
116 155
347 271
347 194
347 8
347 126
347 356
347 155
347 96
347 171
347 380
347 187
347 180
347 210
347 369
347 131
347 358
142 158
142 90
142 339
142 8
142 264
142 258
142 202
142 370
142 155
142 171
128 369
128 202
128 90
128 358
128 8
128 155
128 180
128 298
128 51
128 47
128 258
128 370
128 96
128 171
233 210
233 369
233 62
233 155
233 171
233 298
233 8
178 16
178 231
178 57
178 254
178 227
178 200
178 1
178 92
178 345
178 148
178 363
178 195
16 369
16 8
16 96
16 210
16 90
16 358
16 356
231 210
231 218
231 155
57 268
57 339
57 258
57 22
57 155
57 96
57 380
57 218
57 90
57 8
57 356
57 171
254 210
254 271
254 18
254 358
254 194
254 126
254 356
254 380
254 131
254 180
227 155
227 289
227 180
227 369
227 358
227 356
227 171
200 8
200 93
200 90
200 96
200 312
1 210
1 51
1 158
1 90
1 93
1 258
1 370
1 155
1 171
1 380
92 268
92 158
92 357
92 264
92 242
92 258
92 370
92 155
92 96
92 171
92 90
345 271
345 218
345 358
345 357
345 356
345 96
345 171
345 8
345 298
148 358
148 171
148 380
148 180
210 67
210 293
210 6
210 46
210 331
210 201
210 278
210 382
210 102
210 338
210 226
210 340
210 211
210 235
210 377
210 105
210 138
67 202
67 90
67 264
67 242
67 258
67 268
67 8
293 358
293 264
293 96
293 298
6 158
6 218
6 90
6 8
6 47
6 258
6 22
6 155
6 96
6 171
6 358
6 356
6 380
46 27
46 8
46 329
331 369
331 131
331 194
331 155
331 171
331 271
331 18
331 358
331 36
331 8
331 356
331 380
201 90
201 356
201 264
201 155
201 171
201 380
201 158
201 358
201 194
201 339
201 8
278 131
278 18
278 36
278 8
278 52
278 380
278 357
278 370
278 155
278 171
278 312
382 369
382 8
382 329
382 213
382 357
382 47
382 187
102 268
102 356
102 93
102 380
102 158
102 8
102 258
102 155
338 27
338 47
338 22
338 155
338 8
338 356
338 380
226 339
226 8
226 370
226 171
226 298
226 358
340 194
340 8
340 171
369 301
369 78
369 211
369 203
369 262
369 107
369 123
369 136
369 267
369 341
369 248
369 362
369 170
369 41
369 294
369 235
301 179
301 8
301 356
301 155
301 187
78 264
78 155
78 380
78 357
78 8
78 258
211 268
211 356
211 47
211 171
203 179
203 18
203 8
203 155
203 380
203 171
262 8
262 356
262 179
262 358
262 126
107 218
107 358
107 271
107 155
123 271
123 18
123 36
123 370
123 380
123 312
123 131
123 155
123 171
136 218
136 356
136 96
136 171
136 380
136 268
136 90
136 93
136 264
136 22
136 370
267 218
267 358
267 8
267 126
267 93
267 264
267 155
267 96
267 171
267 180
341 18
341 357
341 8
341 289
341 171
341 180
248 8
248 171
179 279
179 33
279 8
279 329
279 155
279 96
279 213
279 171
279 187
51 324
51 253
51 134
324 47
324 370
324 171
324 36
324 155
324 52
324 380
253 27
253 357
253 329
253 370
253 213
253 171
268 184
268 33
268 10
268 89
268 172
268 134
268 321
268 146
268 69
268 302
268 39
268 170
268 152
268 198
268 246
268 53
184 158
184 264
184 242
184 258
184 370
184 155
184 171
184 202
33 90
33 356
33 93
33 258
33 96
33 171
33 158
33 264
33 370
33 155
10 202
10 158
10 8
10 264
10 96
10 171
10 356
10 242
10 258
10 155
89 8
89 370
89 155
89 171
89 158
89 264
172 202
172 90
172 8
172 93
172 242
172 155
172 258
172 370
172 171
134 126
134 47
134 242
134 258
134 370
134 171
134 380
134 215
134 339
134 155
134 149
321 202
321 158
321 242
321 370
321 155
321 258
146 202
146 158
146 8
146 264
146 258
146 155
146 171
146 370
69 158
69 8
69 356
69 93
69 264
69 258
69 22
69 155
69 96
69 171
69 202
69 90
69 47
69 380
302 158
302 218
302 264
302 258
302 96
302 90
302 8
302 171
39 202
39 158
39 27
39 8
39 258
39 370
39 155
39 264
39 171
131 209
131 165
131 13
131 225
131 319
131 285
131 363
209 194
209 126
209 356
209 180
209 18
209 36
209 380
165 271
165 126
165 380
165 18
165 36
165 194
165 356
13 36
13 155
13 171
13 18
13 357
13 126
13 356
13 380
13 187
13 312
225 271
225 18
225 380
225 194
319 18
319 194
319 126
319 171
319 380
319 312
285 18
285 187
285 8
285 171
285 380
285 312
202 38
202 109
202 311
202 53
202 294
202 88
202 235
202 229
202 84
202 352
202 152
202 246
202 286
202 106
202 138
202 170
202 266
202 191
38 158
38 27
38 8
38 264
38 370
38 155
38 96
38 258
38 171
109 90
109 258
311 158
311 218
311 90
311 358
311 8
311 264
311 22
311 155
311 96
311 126
311 258
311 171
53 158
53 90
53 258
53 155
53 8
53 264
53 242
53 370
53 96
53 171
294 158
294 218
294 358
294 264
294 258
294 171
294 380
294 90
294 8
294 155
88 358
88 155
88 218
88 90
88 171
235 158
235 27
235 90
235 8
235 93
235 242
235 258
235 22
235 370
235 155
235 96
235 171
235 218
235 356
235 149
229 8
229 258
229 370
229 171
229 158
229 90
229 356
229 242
229 380
84 158
84 357
84 370
84 96
84 171
84 358
84 264
84 258
352 358
352 96
352 298
152 158
152 8
152 264
152 96
152 171
152 90
152 93
152 258
271 244
271 379
271 64
271 363
244 158
244 356
244 155
244 171
244 8
379 18
379 36
379 194
379 380
158 251
158 286
158 170
158 198
158 95
158 266
158 199
158 106
158 17
158 246
158 72
158 138
251 90
251 8
251 93
251 264
251 258
251 155
251 171
286 358
286 339
286 264
286 258
286 171
286 155
286 180
170 218
170 264
170 242
170 258
170 370
170 155
170 96
170 22
198 8
198 370
198 155
198 171
198 258
95 90
95 264
95 370
95 96
95 171
95 8
95 93
266 90
266 8
266 356
266 47
266 264
266 370
266 380
266 218
266 358
266 258
266 22
266 96
266 171
199 8
199 47
199 258
199 171
199 370
106 8
106 258
106 155
106 96
106 180
106 298
218 299
218 333
218 191
218 306
218 238
299 8
333 312
27 315
27 41
27 177
27 238
315 47
315 171
315 215
315 2
315 370
18 190
18 64
190 36
190 155
190 180
190 356
90 138
90 223
90 306
90 111
90 17
90 191
90 72
90 217
90 246
138 8
138 356
138 47
138 258
138 155
138 171
138 96
223 358
223 264
223 289
223 180
306 370
306 96
306 171
306 358
306 22
306 155
111 180
111 8
111 93
111 264
111 96
111 171
17 93
17 171
17 312
17 8
17 264
17 96
191 264
191 155
191 258
191 370
191 171
72 96
72 171
72 180
72 8
72 264
217 8
217 264
217 96
246 93
246 47
246 264
246 242
246 258
246 370
246 155
246 8
246 96
246 171
358 77
358 363
358 241
77 357
77 339
77 8
77 22
77 370
363 194
363 96
363 171
363 298
363 8
363 126
363 289
241 180
241 298
357 280
357 238
280 356
280 171
280 380
280 8
280 370
280 155
238 47
238 171
238 8
238 155
194 64
64 171
64 380
64 8
64 22
339 133
339 220
8 188
8 140
8 177
8 133
8 41
8 176
8 40
8 125
8 103
8 300
8 45
8 362
8 334
8 359
8 87
8 309
8 336
8 216
188 47
188 171
140 155
140 171
140 366
177 155
41 47
41 155
176 47
176 171
176 329
40 171
125 171
125 155
125 380
103 312
300 258
300 96
300 370
45 22
45 171
45 356
45 242
45 52
362 155
334 356
334 258
334 370
334 171
356 372
356 336
329 290
93 295
295 264
295 155
295 171
47 372
47 105
47 336
47 290
372 171
105 370
105 52
105 380
105 155
105 171
105 215
336 171
336 22
336 289
336 312
264 359
359 171
22 277
370 25
213 290
155 309
155 263
155 290
155 25
155 31
263 289
263 171
290 171
290 187
290 215
96 220
96 216
52 195
195 312
195 215
195 171
195 380
289 216
171 7
171 99
171 377
171 305
171 25
171 31
171 214
7 312
380 115
366 150
