124 114
124 119
124 163
124 316
124 4
124 275
124 240
124 286
124 353
124 161
124 377
124 80
124 71
124 304
124 174
124 139
124 223
124 164
124 256
124 6
124 348
124 259
124 206
124 201
124 118
124 12
124 242
124 233
124 345
124 58
124 20
124 324
124 162
124 145
124 86
124 291
124 26
124 248
124 218
124 151
124 219
124 317
124 341
124 235
124 305
124 220
124 249
124 61
124 121
124 362
124 309
124 183
124 97
124 37
124 344
124 300
124 272
124 373
124 108
124 311
124 225
124 9
124 207
124 251
124 74
124 49
124 366
124 372
124 260
124 347
124 244
124 100
124 336
124 45
124 76
124 266
124 113
124 243
124 16
124 55
124 142
124 222
124 79
124 159
124 295
124 156
124 308
124 204
124 135
124 88
124 82
124 281
124 65
124 349
124 117
124 77
124 0
124 343
124 287
124 182
124 346
124 3
124 312
124 54
124 285
124 342
124 354
124 302
124 81
124 193
124 230
124 231
124 132
124 268
124 237
124 15
124 283
124 128
124 196
124 57
124 189
124 136
124 253
114 56
114 273
114 210
114 90
114 357
114 8
114 126
114 288
114 171
114 297
114 178
119 217
119 356
119 52
119 192
119 8
163 202
163 158
163 217
163 338
163 8
163 171
163 297
163 90
163 357
163 263
163 257
163 96
316 158
316 217
316 8
316 355
316 263
316 257
316 155
316 379
316 297
4 192
4 51
4 27
4 8
4 47
4 356
4 214
275 56
275 368
275 179
275 8
275 126
275 355
275 171
275 379
275 178
275 270
275 187
240 357
240 8
240 297
286 56
286 273
286 210
286 368
286 270
286 357
286 194
286 126
286 22
286 288
286 178
286 356
286 8
286 310
353 56
353 178
353 131
353 62
353 126
353 365
353 273
353 210
161 56
161 160
161 178
161 210
161 357
161 22
161 155
161 143
161 171
161 368
161 8
161 126
377 56
377 273
377 27
377 90
377 369
377 297
377 210
377 368
377 179
377 158
377 126
377 263
377 257
377 155
377 96
80 273
80 368
80 202
80 158
80 90
80 155
80 96
80 297
80 270
80 217
80 257
80 171
71 56
71 368
71 267
71 158
71 126
71 355
71 93
71 263
71 155
71 149
71 214
71 192
71 44
71 27
71 18
71 47
71 241
71 257
71 171
304 90
304 357
304 369
304 155
304 96
304 355
304 171
174 56
174 178
174 270
174 90
174 126
174 263
174 96
174 297
174 210
174 368
174 357
174 171
139 44
139 273
139 270
139 90
139 357
139 194
139 257
139 158
139 8
139 126
223 273
223 178
164 160
164 178
164 210
164 368
164 131
164 18
164 357
164 126
164 355
164 155
164 171
164 379
164 56
164 194
164 96
164 180
256 273
256 210
256 131
256 27
256 194
256 355
256 155
256 96
256 171
256 187
256 178
256 8
256 126
6 210
6 217
6 90
6 8
6 355
6 155
6 171
6 379
6 47
6 263
6 257
6 96
348 56
348 368
348 338
348 8
348 263
348 178
348 210
348 126
348 355
259 273
259 210
259 368
259 270
259 8
259 263
259 96
259 56
259 178
259 90
259 357
259 126
259 288
206 178
206 171
206 310
201 160
201 158
201 90
201 357
201 338
201 47
201 263
201 96
201 171
201 379
201 210
201 8
201 369
118 56
118 273
118 355
118 357
118 126
118 297
12 178
12 263
12 56
12 273
12 368
12 270
12 194
12 8
12 96
242 56
242 273
242 210
242 368
242 131
242 18
242 126
242 155
242 379
242 297
242 270
242 357
242 194
242 355
242 47
242 288
242 171
242 180
233 178
233 131
233 8
233 355
233 213
233 171
233 187
233 270
233 356
233 126
233 47
233 155
233 379
345 368
345 158
345 93
345 263
345 171
345 310
345 273
345 217
345 90
345 357
345 96
58 56
58 44
58 27
58 8
58 155
58 214
58 356
58 2
58 96
58 171
20 273
20 178
20 90
20 357
20 263
20 369
20 155
20 96
20 288
20 217
20 8
324 202
324 90
324 357
324 257
324 155
324 96
324 158
324 217
324 8
324 263
324 171
324 149
162 273
162 368
162 179
162 131
162 270
162 355
162 171
162 187
162 210
162 8
162 126
145 56
145 210
145 368
145 357
145 126
145 369
145 171
145 310
145 297
145 273
145 178
145 270
145 90
145 263
145 96
86 90
86 8
86 263
86 257
86 96
86 171
86 379
86 160
86 202
86 158
86 357
86 338
86 47
86 155
291 178
291 210
291 368
291 263
291 273
291 96
26 56
26 368
26 202
26 158
26 357
26 257
26 171
26 273
26 90
26 8
26 93
26 155
26 96
248 210
248 357
248 338
248 8
248 257
248 155
248 96
248 160
248 158
248 22
218 357
218 126
218 96
218 297
218 178
218 171
151 273
151 210
151 90
151 357
151 194
151 96
151 56
151 178
151 368
151 270
219 217
219 357
219 96
219 338
317 160
317 210
317 27
317 369
317 171
317 379
317 2
317 155
341 56
341 178
341 210
341 368
341 179
341 357
341 155
341 187
341 297
341 270
341 126
235 160
235 273
235 178
235 210
235 158
235 90
235 126
235 47
235 96
235 288
235 171
235 368
235 357
235 369
305 368
305 357
305 194
305 8
305 93
305 288
305 297
305 90
305 263
220 160
220 273
220 158
220 90
220 8
220 355
220 263
220 257
220 96
220 171
220 210
220 202
220 357
220 369
220 155
249 273
249 210
249 90
249 96
249 297
249 368
249 357
249 338
249 263
61 155
61 96
61 368
121 56
121 368
121 217
121 18
121 357
121 263
121 171
121 180
121 8
121 126
121 355
121 155
121 96
362 56
362 178
362 210
362 131
362 270
362 357
362 194
362 8
362 355
362 273
362 368
362 96
362 288
362 187
309 273
309 270
309 158
309 8
309 126
309 22
309 96
309 171
309 180
309 90
309 297
183 160
183 273
183 202
183 158
183 338
183 257
183 22
183 96
183 171
183 379
183 210
183 90
183 357
183 8
183 355
183 155
97 56
97 368
97 355
97 328
97 47
97 155
97 171
97 8
37 178
37 368
37 158
37 90
37 357
37 338
37 47
37 263
37 257
37 155
37 96
37 297
37 202
37 379
37 310
344 273
344 178
344 210
344 270
344 217
344 126
344 297
344 357
344 171
300 368
300 179
300 355
300 187
300 155
300 171
272 273
272 178
272 210
272 270
272 355
272 263
272 96
272 171
272 310
272 180
272 368
272 357
272 194
272 379
373 210
373 368
373 179
373 270
373 357
373 356
373 8
373 126
373 355
373 171
373 131
373 187
108 56
108 160
108 210
108 368
108 8
108 155
108 171
311 160
311 202
311 357
311 8
311 369
311 96
311 273
311 158
311 257
225 210
225 357
225 338
225 171
225 297
9 56
9 178
9 368
9 131
9 8
9 155
9 273
9 194
9 171
207 217
207 357
207 8
207 263
207 155
207 56
207 90
207 257
251 202
251 357
251 338
251 8
251 263
251 171
251 158
251 217
251 90
251 257
251 96
74 273
74 368
74 202
74 158
74 90
74 8
74 263
74 155
74 96
74 171
49 210
49 368
49 126
49 187
49 270
49 357
49 8
49 355
49 171
366 56
366 210
366 270
366 18
366 36
366 355
366 178
366 179
366 131
366 194
366 171
366 187
372 56
372 273
372 90
372 338
372 8
372 369
372 96
372 202
372 263
372 257
260 210
260 368
260 179
260 357
260 356
260 8
260 160
260 178
260 355
260 187
347 160
347 202
347 47
347 369
347 155
347 171
347 368
347 217
347 357
347 355
347 93
347 263
347 257
347 22
347 379
244 56
244 273
244 270
244 357
244 8
244 288
244 310
244 178
244 368
244 131
244 194
244 126
244 96
100 368
100 267
100 202
100 8
100 355
100 47
100 263
100 241
100 257
100 369
100 96
100 171
100 155
336 273
336 178
336 368
336 22
336 155
336 56
336 355
336 263
336 96
336 297
45 160
45 192
45 44
45 355
45 241
45 22
45 155
45 52
45 171
45 8
45 369
76 273
76 368
76 158
76 263
76 178
76 217
76 96
266 178
266 368
266 217
266 90
266 357
266 126
266 155
266 158
266 93
266 263
266 257
266 96
266 171
266 180
113 210
113 368
113 357
113 171
113 273
113 178
113 217
113 338
113 8
113 126
243 270
243 217
243 357
243 263
243 155
243 96
243 171
243 368
243 158
243 8
16 273
16 178
16 210
16 368
16 8
16 355
16 217
16 263
16 96
55 210
55 267
55 158
55 357
55 8
55 47
55 155
55 379
55 160
55 202
55 90
55 257
142 202
142 90
142 8
142 263
142 369
142 155
142 96
142 171
142 160
142 338
142 257
222 90
222 357
222 288
222 263
222 180
79 56
79 210
79 368
79 96
79 180
79 297
79 273
79 178
79 270
79 217
79 90
79 357
79 126
79 263
334 75
75 267
75 8
75 257
75 155
75 96
75 178
56 350
56 169
56 254
56 73
56 290
56 60
56 136
56 271
56 274
56 117
56 28
56 312
56 354
56 238
56 165
56 234
56 68
56 363
56 364
56 0
56 110
56 167
56 360
56 370
56 325
56 246
56 314
56 29
56 32
56 54
56 21
56 91
56 295
56 181
56 166
56 236
56 23
56 339
56 141
56 137
56 293
56 331
56 196
56 361
56 13
56 175
56 209
56 82
56 343
56 212
56 132
56 5
56 177
56 84
56 326
56 321
56 120
56 292
56 135
56 11
56 346
56 127
56 157
56 367
56 253
350 357
350 126
350 178
350 210
350 368
350 297
169 51
169 8
169 328
169 155
169 187
169 160
169 131
169 126
169 52
169 379
169 310
254 178
254 368
254 131
254 270
254 194
254 8
254 126
254 369
254 155
254 171
254 379
254 187
254 310
254 210
254 179
73 160
73 178
73 356
73 8
73 126
73 369
73 171
73 379
73 368
73 179
73 357
73 355
73 328
73 213
73 155
290 210
290 158
290 257
290 369
290 155
290 171
290 44
290 8
60 160
60 368
60 267
60 217
60 8
60 241
60 155
60 96
60 202
60 158
60 90
60 47
60 22
60 171
136 368
136 357
136 263
136 155
136 96
136 202
136 158
136 90
136 355
136 93
136 257
136 379
271 47
271 369
271 155
271 44
271 214
274 178
274 131
274 270
274 194
274 379
274 155
117 273
117 178
117 210
117 270
117 90
117 355
117 297
117 368
117 357
117 8
117 96
28 273
28 368
28 270
28 217
28 90
28 126
28 297
28 210
28 357
28 8
28 180
312 160
312 131
312 270
312 18
312 194
312 126
312 355
312 379
312 297
312 368
312 180
354 368
354 158
354 90
354 357
354 96
354 171
354 178
354 210
354 8
354 288
354 297
238 202
238 158
238 90
238 257
238 96
238 171
238 357
238 338
238 263
238 155
238 297
165 131
165 36
165 194
165 126
165 171
165 379
165 160
165 270
165 18
165 355
165 310
234 368
234 267
234 202
234 158
234 217
234 27
234 8
234 93
234 263
234 241
234 22
234 96
234 90
234 355
234 369
234 171
234 149
68 51
68 355
68 22
68 365
68 297
68 368
68 356
68 8
68 369
363 368
363 194
363 155
363 171
363 187
363 180
363 210
363 179
363 18
363 126
363 369
363 379
364 273
364 368
364 8
364 263
364 22
364 171
364 180
364 270
364 90
364 126
364 47
364 369
364 96
364 288
0 202
0 158
0 93
0 263
0 257
0 96
0 160
0 210
0 217
0 8
0 47
0 369
0 155
110 44
110 270
110 357
110 356
110 8
110 126
110 355
110 297
110 96
110 187
167 178
167 270
167 8
167 369
167 155
167 171
167 180
167 357
167 379
167 297
360 160
360 179
360 51
360 131
360 126
360 355
360 328
360 213
360 155
360 187
360 368
360 171
360 379
370 194
370 355
370 297
370 178
370 210
370 131
325 51
325 27
325 171
325 379
325 52
325 214
246 160
246 210
246 8
246 155
246 171
246 47
246 369
314 160
314 192
314 368
314 179
314 267
314 8
314 93
314 257
314 369
314 202
314 90
314 47
314 263
314 171
29 160
29 192
29 267
29 158
29 27
29 8
29 355
29 90
29 369
29 155
29 52
29 171
32 160
32 178
32 179
32 270
32 8
32 379
32 310
32 210
32 357
32 356
32 355
32 328
32 171
32 187
54 178
54 368
54 270
54 288
54 297
54 273
54 210
54 194
54 126
21 44
21 178
21 210
21 270
21 357
21 356
21 355
21 171
21 297
21 273
21 368
21 179
21 131
21 18
21 194
21 96
21 379
91 160
91 131
91 356
91 8
91 126
91 328
91 213
91 52
91 171
91 379
91 187
91 47
295 273
295 178
295 210
295 90
295 263
295 96
295 171
295 297
295 270
295 8
295 355
181 192
181 194
181 47
181 155
181 355
181 369
166 192
166 368
166 52
166 51
166 369
236 178
236 179
236 270
236 356
236 8
236 126
236 355
236 328
236 187
236 160
236 368
236 131
236 22
236 213
236 155
236 171
23 178
23 368
23 273
23 210
23 270
23 357
23 126
339 210
339 8
339 155
339 171
339 194
141 273
141 368
141 270
141 217
141 96
141 297
141 357
141 8
141 155
141 180
137 160
137 192
137 158
137 241
137 369
137 171
137 27
137 52
137 214
293 202
293 158
293 217
293 90
293 357
293 47
293 257
293 379
293 8
293 93
293 263
293 171
331 267
331 202
331 8
331 2
331 96
331 171
331 44
331 155
196 273
196 178
196 368
196 155
196 96
196 171
196 8
160 250
160 283
160 352
160 89
160 156
160 227
160 245
160 102
160 343
160 239
160 280
160 277
160 50
160 199
160 67
160 296
160 98
160 3
160 320
160 13
160 284
160 177
160 101
160 281
160 229
160 122
160 94
160 130
160 258
160 321
160 146
160 81
160 129
160 59
160 308
160 326
160 359
160 147
160 237
160 24
160 159
160 327
160 83
160 87
160 153
160 65
160 195
160 208
160 104
160 198
160 205
160 252
160 287
160 323
160 190
160 19
160 322
160 135
160 77
160 148
160 154
250 158
250 8
250 93
250 257
250 96
250 180
250 90
250 369
283 202
283 158
283 27
283 90
283 357
283 8
283 355
283 263
283 155
283 257
283 22
283 369
352 47
352 171
352 192
352 178
352 36
352 155
352 52
352 379
89 267
89 90
89 8
89 263
89 369
89 171
89 158
89 241
89 257
156 202
156 217
156 90
156 357
156 338
156 355
156 96
156 47
156 263
156 171
227 131
227 310
227 192
245 267
245 158
245 8
245 93
245 263
245 241
245 369
245 155
245 171
102 210
102 90
102 355
102 369
102 155
102 171
102 379
102 267
102 93
102 241
102 257
102 96
343 263
343 369
343 96
343 171
343 273
343 368
343 357
343 126
343 155
239 210
239 270
239 194
239 8
239 47
239 213
239 178
239 131
239 355
239 369
239 155
239 171
239 379
239 187
280 8
280 379
277 210
277 18
277 8
277 171
277 131
277 310
50 44
50 273
50 210
50 202
50 158
50 90
50 357
50 8
50 47
50 263
50 257
50 22
50 96
50 379
50 369
199 158
199 47
199 257
199 369
199 171
199 8
67 210
67 267
67 158
67 90
67 8
67 96
67 171
67 202
67 338
67 257
296 202
296 90
296 338
296 355
296 47
296 263
296 241
296 369
296 96
296 267
296 8
296 155
296 171
98 202
98 158
98 90
98 47
98 263
98 369
98 155
98 96
98 379
98 8
98 257
98 22
98 171
3 192
3 44
3 51
3 8
3 355
3 328
3 155
3 52
3 379
3 214
3 27
3 356
320 202
320 263
320 241
320 257
320 155
320 171
320 18
320 8
320 22
320 369
13 270
13 356
13 126
13 171
13 379
13 194
13 22
13 155
13 310
284 18
284 379
284 187
284 310
284 131
284 194
284 171
177 8
177 47
177 171
101 44
101 8
101 155
101 52
101 214
101 192
101 267
101 241
101 369
281 178
281 210
281 368
281 18
281 357
281 126
281 355
281 379
281 187
281 179
281 131
281 270
281 194
281 155
281 171
229 267
229 90
229 356
229 8
229 241
229 257
229 155
229 96
229 310
229 210
229 368
229 158
229 47
229 263
229 171
229 379
122 273
122 178
122 90
122 126
122 263
122 155
122 96
122 297
122 368
122 357
94 267
94 202
94 158
94 369
94 155
94 241
94 171
94 379
130 44
130 51
130 328
130 213
130 214
130 52
258 131
258 270
258 36
258 194
258 379
258 310
258 180
321 273
321 178
321 18
321 194
321 8
321 126
321 155
321 171
146 267
146 8
146 263
146 241
146 155
146 202
146 158
146 171
81 273
81 210
81 270
81 357
81 356
81 8
81 171
81 126
81 187
81 297
129 171
129 155
59 27
59 369
59 52
59 171
59 214
59 192
59 44
59 51
59 267
59 155
308 210
308 217
308 90
308 357
308 155
308 171
308 297
308 368
308 158
308 8
326 131
326 18
326 36
326 194
326 8
326 355
326 171
326 379
326 187
326 270
326 369
326 180
359 355
359 47
359 22
359 379
359 368
359 338
359 8
359 155
359 171
147 267
147 202
147 90
147 8
147 241
147 257
147 369
147 96
147 171
147 158
147 47
147 155
147 379
237 356
237 47
237 96
237 171
237 44
237 27
237 8
237 369
237 155
24 267
24 202
24 158
24 217
24 338
24 8
24 263
24 257
24 22
24 155
24 96
24 90
24 171
192 11
192 303
192 66
192 322
192 19
192 112
192 269
192 42
192 323
192 205
192 195
192 261
192 173
192 70
192 83
192 228
192 329
192 135
192 134
11 368
11 267
11 356
11 93
11 241
11 369
11 155
11 171
11 214
11 44
11 47
11 52
303 44
303 27
303 8
303 93
303 2
303 241
303 22
303 369
303 171
303 155
303 52
303 214
66 194
66 369
66 379
66 47
66 171
322 8
322 241
322 369
322 214
322 267
19 210
19 267
19 355
19 241
19 257
19 22
19 369
19 155
19 52
19 171
19 44
19 90
19 379
112 267
112 27
112 369
112 213
112 155
112 171
112 379
112 241
112 214
269 44
269 47
269 241
269 171
269 379
269 267
269 52
42 202
42 158
42 27
42 90
42 241
42 369
42 155
42 44
42 267
42 263
42 257
323 178
323 36
323 47
323 155
323 52
323 171
323 379
323 51
205 178
205 368
205 158
205 27
205 90
205 263
205 257
205 369
205 379
205 267
205 202
205 8
205 47
205 155
205 171
195 8
195 328
195 47
195 96
195 379
195 44
195 178
195 356
195 52
195 310
195 214
261 44
261 178
261 356
261 355
261 369
261 213
261 155
261 179
261 328
261 187
173 241
173 369
173 52
44 313
44 14
44 204
44 85
44 134
44 135
44 48
44 282
44 381
44 70
44 157
44 329
44 262
44 144
44 5
44 289
44 252
44 197
313 8
313 47
313 2
313 171
313 27
313 213
313 214
14 8
14 241
14 257
14 369
14 171
14 379
14 155
204 179
204 241
204 257
204 171
204 158
204 27
204 8
204 263
204 369
85 267
85 171
85 379
85 210
85 27
85 8
85 241
85 155
134 178
134 51
134 27
134 8
134 126
134 47
134 257
134 369
134 155
134 379
134 149
134 267
134 241
134 171
135 8
135 47
135 241
135 369
135 96
135 52
135 214
135 267
135 257
135 171
48 267
48 27
48 8
48 257
48 155
48 52
48 379
48 214
48 47
282 27
282 90
282 241
282 257
282 155
282 171
282 8
282 369
381 210
381 356
381 8
381 328
381 47
381 368
381 213
70 267
70 27
70 155
70 52
70 171
70 214
70 8
70 241
157 368
157 217
157 356
157 8
157 263
157 155
157 96
157 171
157 180
157 297
157 47
157 369
329 267
329 27
329 52
329 369
262 155
262 288
262 171
144 267
144 27
144 8
144 155
144 47
144 241
144 22
144 52
273 374
273 265
273 30
273 230
273 5
273 193
273 346
273 189
273 128
273 43
273 287
273 132
273 367
273 255
273 82
273 65
273 175
273 159
273 15
273 221
273 232
273 185
273 116
273 302
273 200
273 34
374 368
374 158
374 217
374 90
374 338
374 263
374 22
374 202
374 357
374 155
374 96
265 202
265 158
265 217
265 357
265 47
265 263
265 257
265 22
265 155
265 379
265 90
265 8
265 355
265 369
30 158
30 90
30 357
30 263
30 96
30 180
30 202
30 257
30 171
230 210
230 8
230 155
230 217
5 178
5 368
5 131
5 126
5 155
5 379
5 187
5 365
5 270
193 368
193 217
193 90
193 357
193 126
193 263
193 96
193 180
193 297
346 210
346 368
346 131
346 270
346 18
346 357
346 126
346 355
346 96
346 187
346 180
346 194
346 8
346 155
346 171
346 379
189 368
189 158
189 217
189 90
189 357
189 93
189 263
189 288
189 96
128 368
128 51
128 47
128 96
128 171
128 180
128 297
128 27
128 90
128 263
128 155
43 178
43 368
43 131
43 357
43 194
43 8
43 126
43 355
43 96
43 288
43 187
43 149
43 369
43 171
43 379
287 158
287 217
287 263
287 257
287 357
287 8
132 8
132 126
132 171
132 379
132 368
132 93
367 178
367 357
367 126
367 263
367 155
367 96
367 171
367 210
367 310
367 297
255 131
255 126
255 365
255 178
255 210
255 62
255 194
255 379
82 8
82 93
82 257
82 369
82 155
82 171
82 202
82 217
82 90
82 263
82 96
65 368
65 338
65 96
65 357
65 171
65 297
178 154
178 120
178 327
178 63
178 64
178 319
178 34
178 33
178 212
178 57
178 226
178 232
178 92
178 1
178 127
178 175
178 15
178 231
178 253
154 158
154 338
154 8
154 47
154 257
154 171
154 379
154 369
120 270
120 90
120 194
120 126
120 263
120 155
120 96
120 288
120 171
120 180
120 210
120 368
120 357
327 267
327 202
327 8
327 263
327 155
327 96
327 379
327 158
327 47
327 171
63 18
63 357
63 171
63 180
63 270
63 194
63 8
63 126
63 355
63 22
63 155
63 379
64 368
64 158
64 263
64 171
64 379
64 90
64 357
64 355
64 96
319 210
319 179
319 356
319 8
319 126
319 171
319 131
319 355
319 213
34 297
34 368
33 179
33 267
33 8
33 369
33 96
33 171
33 158
33 355
33 263
33 257
212 210
212 368
212 8
212 155
212 96
212 297
212 270
212 217
57 267
57 202
57 217
57 90
57 338
57 8
57 263
57 22
57 355
57 369
57 96
57 171
226 368
226 270
226 194
226 355
226 22
226 369
226 155
226 171
226 210
226 288
226 180
232 368
232 62
232 8
232 297
92 267
92 158
92 356
92 8
92 241
92 369
92 96
92 210
92 171
1 210
1 158
1 27
1 369
1 155
1 171
1 51
1 90
1 257
1 379
210 292
210 211
210 221
210 376
210 138
210 302
210 231
210 337
210 253
210 380
210 105
210 116
210 279
210 46
292 131
292 270
292 194
292 8
292 22
292 171
292 187
292 310
292 180
292 18
292 355
292 155
211 27
211 355
211 369
211 155
211 368
211 171
221 270
221 357
221 126
221 263
221 180
221 96
221 297
376 365
138 202
138 158
138 90
138 8
138 355
138 155
138 96
138 267
138 171
302 357
302 93
302 257
302 369
302 96
302 297
302 368
302 158
302 8
231 368
231 267
231 202
231 158
231 217
231 90
231 8
231 257
231 369
231 96
231 171
231 263
337 355
337 155
337 171
337 379
337 47
337 22
253 368
253 131
253 357
253 126
253 379
253 194
253 180
380 90
380 8
380 257
380 369
380 155
380 96
380 202
380 171
380 379
368 107
368 349
368 170
368 78
368 123
368 15
368 203
368 264
368 83
368 247
368 340
368 127
107 270
107 155
107 217
107 357
349 338
349 126
349 357
170 158
170 217
170 8
170 355
170 263
170 257
170 369
170 155
170 171
170 202
170 90
170 241
170 22
78 356
78 263
78 257
78 171
78 379
78 158
78 297
123 270
123 194
123 369
123 171
123 310
123 131
123 36
123 155
123 379
15 8
15 355
15 155
15 338
203 179
203 18
203 8
203 155
203 36
203 171
264 155
264 171
83 155
83 52
83 8
83 369
83 171
179 127
127 369
127 8
51 84
51 208
267 39
267 301
267 228
267 184
267 198
267 306
267 53
267 69
267 35
267 152
267 197
267 172
267 299
39 158
39 27
39 8
39 93
39 202
39 257
39 155
39 96
301 158
301 217
301 90
301 257
301 369
301 96
301 202
301 8
301 155
301 171
228 90
228 355
228 241
228 257
228 369
228 158
228 22
228 155
228 171
184 202
184 158
184 263
184 241
184 257
184 155
184 171
184 8
184 369
131 153
131 330
131 209
153 18
153 52
153 36
153 379
202 152
202 299
202 69
202 191
202 172
202 88
202 38
202 168
202 53
202 268
202 285
202 35
202 198
202 351
202 106
202 116
202 10
202 197
152 158
152 257
152 369
152 155
152 96
152 171
152 90
152 8
152 93
152 263
299 158
299 8
299 241
299 155
299 263
299 369
69 90
69 8
69 355
69 47
69 241
69 22
69 369
69 155
69 96
69 379
69 158
69 93
69 263
69 257
69 171
191 90
191 8
191 241
191 257
191 369
191 171
191 158
172 8
172 369
172 155
172 96
172 171
172 158
172 90
172 93
172 241
88 217
88 263
88 155
88 96
88 171
88 158
88 357
38 158
38 27
38 90
38 241
38 257
38 96
38 171
38 263
38 155
168 90
168 8
168 47
168 257
168 22
168 369
168 155
168 241
53 90
53 8
53 257
53 155
53 171
53 158
53 93
53 241
53 96
268 357
268 263
268 257
268 22
268 379
268 158
268 217
268 8
268 369
268 155
268 171
285 357
285 263
285 257
285 171
285 180
285 297
285 158
285 338
285 155
285 96
35 158
35 217
35 90
35 194
35 263
35 257
35 22
35 369
35 155
35 96
35 8
35 355
35 241
35 171
270 224
270 148
270 330
270 378
270 209
224 36
224 194
224 180
224 18
224 379
148 158
148 357
148 8
330 357
330 36
330 194
330 126
330 355
330 155
330 171
330 18
330 379
378 18
378 36
378 194
378 180
158 159
158 116
158 185
158 84
158 298
158 342
158 72
158 111
158 306
158 186
158 198
159 217
159 90
159 8
159 126
159 263
159 257
159 171
159 357
159 96
159 180
116 217
116 90
116 357
116 8
116 355
116 257
116 22
116 263
116 369
116 155
116 171
116 379
185 357
185 263
185 180
84 8
84 263
84 257
84 369
84 96
84 90
84 357
298 217
298 8
342 357
342 93
342 263
342 155
342 96
342 171
342 90
217 186
217 10
217 351
217 332
186 357
186 263
186 297
10 8
10 355
10 263
10 257
10 369
10 171
27 208
27 197
27 46
27 41
208 356
208 194
208 8
208 355
208 22
208 52
208 171
208 379
208 213
208 155
18 104
18 315
18 340
18 190
104 47
104 8
104 155
315 180
340 357
340 356
340 355
340 171
340 180
340 288
90 17
90 294
90 197
90 95
90 111
17 93
17 171
17 96
294 171
294 263
294 155
197 8
197 2
197 241
197 369
197 155
197 171
197 379
357 351
357 106
357 77
351 96
351 297
106 263
106 155
106 297
106 8
106 257
36 318
36 209
36 190
318 194
318 126
318 180
318 379
318 310
209 180
209 126
209 355
356 252
356 77
356 279
356 289
252 369
252 213
252 214
77 338
77 355
77 22
77 8
77 155
77 171
338 200
338 133
338 306
200 93
200 263
200 288
200 310
200 8
200 96
133 8
133 171
133 379
8 103
8 87
8 247
8 371
8 25
8 375
8 95
8 72
8 46
8 125
8 216
8 278
8 41
8 361
8 188
8 333
8 105
8 306
8 198
8 40
8 176
8 111
8 332
8 279
103 171
103 310
103 155
87 171
247 171
247 369
371 355
371 155
371 171
25 171
25 155
375 155
375 171
95 93
95 263
95 257
95 96
95 171
72 257
72 180
72 263
72 96
72 171
46 328
46 171
125 155
125 379
125 47
216 263
216 96
278 369
278 155
278 171
278 355
278 379
41 155
41 171
361 171
355 188
355 332
355 333
355 279
188 93
188 47
188 171
188 155
328 279
328 289
279 47
279 213
279 155
279 96
279 171
279 187
93 111
111 263
111 257
111 171
111 180
111 155
111 96
47 105
47 289
47 335
47 176
47 306
105 369
105 155
105 379
105 171
105 214
289 213
289 214
289 187
335 22
335 288
335 171
335 310
176 171
263 109
263 358
109 241
109 257
358 171
241 333
333 257
333 369
333 155
333 171
257 306
257 198
306 369
306 171
306 379
306 155
306 96
22 182
22 276
276 171
155 307
155 31
155 198
31 171
96 215
215 288
171 7
171 190
171 140
171 198
171 115
7 310
190 379
190 180
140 297
115 379
310 99
365 150
