124 237
124 276
124 173
124 74
124 356
124 257
124 0
124 314
124 58
124 379
124 249
124 372
124 63
124 368
124 49
124 76
124 97
124 261
124 73
124 117
124 207
124 254
124 311
124 222
124 234
124 353
124 175
124 28
124 95
124 212
124 351
124 156
124 4
124 201
124 67
124 274
124 189
124 316
124 326
124 77
124 303
124 6
124 267
124 142
124 224
124 193
124 282
124 79
124 301
124 245
124 132
124 139
124 307
124 204
124 344
124 162
124 352
124 287
124 15
124 16
124 293
124 118
124 182
124 32
124 286
124 376
124 55
124 223
124 37
124 310
124 82
124 167
124 226
124 168
124 3
124 366
124 231
124 337
124 333
124 313
124 306
124 128
124 61
124 284
124 232
124 374
124 161
124 26
124 43
124 121
124 346
124 110
124 269
124 174
124 241
124 196
124 183
124 350
124 9
124 50
124 54
124 65
124 220
124 338
124 221
124 163
124 318
124 206
124 11
124 116
124 5
124 141
124 20
124 88
124 60
124 219
124 349
124 30
124 240
124 238
124 364
124 12
124 244
124 299
124 159
124 164
124 252
237 56
237 273
237 178
237 271
237 158
237 90
237 160
237 359
237 47
237 289
276 370
276 179
276 271
276 359
276 8
276 357
276 155
276 171
276 56
276 178
276 126
173 8
173 371
173 242
74 370
74 359
74 96
74 171
74 202
74 158
74 90
74 258
356 273
356 178
356 370
356 158
356 359
356 8
356 93
356 264
356 56
356 210
356 96
356 289
356 298
257 56
257 271
257 359
257 357
257 155
257 96
257 187
257 180
257 273
257 210
257 131
257 194
0 210
0 202
0 90
0 93
0 47
0 371
0 155
0 158
0 218
0 359
0 264
0 258
0 171
314 370
314 18
314 96
314 180
314 298
314 160
314 359
314 126
314 171
58 56
58 44
58 27
58 358
58 96
58 171
58 370
58 179
58 2
58 155
58 215
379 178
379 210
379 179
379 27
379 359
379 264
379 155
379 171
379 180
379 298
379 56
379 273
379 271
379 218
379 371
249 160
249 210
249 202
249 158
249 359
249 8
249 258
249 22
249 155
249 171
249 340
249 96
372 178
372 210
372 131
372 271
372 96
372 187
372 298
372 56
372 370
372 179
372 359
372 194
63 273
63 370
63 271
63 90
63 8
63 126
63 357
63 264
63 258
63 381
63 180
63 359
368 370
368 131
368 271
368 18
368 359
368 36
368 194
368 155
368 171
368 381
368 187
368 56
368 179
368 126
49 56
49 178
49 131
49 218
49 8
49 126
49 357
49 273
49 370
49 359
49 171
49 187
76 273
76 178
76 370
76 158
76 359
76 96
76 298
76 340
97 210
97 370
97 8
97 357
97 155
97 171
97 56
97 330
261 178
261 370
261 179
261 359
261 358
261 8
261 187
261 210
261 126
261 357
73 56
73 210
73 131
73 359
73 358
73 8
73 371
73 171
73 312
73 160
73 370
73 271
73 126
73 213
73 155
73 187
117 56
117 210
117 370
117 359
117 8
117 96
117 271
117 218
117 357
117 264
117 155
117 298
207 56
207 258
207 155
207 359
207 8
207 171
254 56
254 210
254 131
254 271
254 18
254 359
254 126
254 381
254 370
254 180
311 202
311 218
311 359
311 126
311 264
311 171
311 180
311 298
311 273
311 271
311 158
311 90
311 258
311 22
222 273
222 178
222 370
222 271
222 194
222 126
222 180
222 298
222 56
222 359
222 264
234 56
234 160
234 210
234 179
234 358
234 126
234 357
234 330
234 47
234 213
234 155
234 171
234 187
234 178
234 370
234 131
353 370
353 202
353 218
353 96
175 273
175 178
28 273
28 8
28 126
28 96
28 56
28 178
28 210
28 370
28 271
28 158
28 218
28 90
28 359
28 264
28 180
95 158
95 90
95 93
95 264
95 371
95 155
95 96
95 171
95 44
95 258
212 370
212 271
212 218
212 359
212 155
212 298
212 56
212 178
212 210
212 8
212 126
212 357
212 171
351 273
351 210
351 370
351 359
351 126
351 56
351 178
351 96
156 158
156 218
156 90
156 359
156 340
156 357
156 22
156 155
156 96
156 258
156 171
4 56
4 192
4 8
4 330
4 47
4 371
4 213
4 171
4 358
201 160
201 273
201 359
201 194
201 47
201 96
201 171
201 210
201 340
201 8
201 22
201 381
67 160
67 202
67 158
67 340
67 8
67 264
67 242
67 155
67 171
67 210
274 56
274 210
274 271
274 194
274 126
274 357
274 96
274 171
274 312
274 273
274 178
274 359
274 180
274 298
189 370
189 218
189 90
189 359
189 264
189 273
189 158
189 93
189 96
189 289
316 268
316 202
316 158
316 90
316 264
316 242
316 258
316 171
316 381
316 160
316 155
326 218
326 90
326 359
326 8
326 258
326 96
326 171
326 202
326 264
326 149
77 359
77 358
77 194
77 47
77 22
77 171
77 381
77 210
77 340
77 8
77 357
303 370
303 8
303 96
303 298
303 210
303 90
303 359
303 264
303 258
6 160
6 359
6 47
6 96
6 381
6 357
6 264
6 258
6 155
6 171
267 218
267 90
267 8
267 126
267 264
267 155
267 96
267 180
267 273
267 158
267 359
267 93
267 258
267 171
142 160
142 273
142 155
142 370
142 158
142 340
142 258
142 96
224 273
224 178
193 273
193 271
193 218
193 90
193 8
193 289
193 370
193 359
193 126
193 180
282 56
282 273
282 178
282 210
282 131
282 18
282 194
282 155
282 171
282 381
282 187
282 180
282 271
282 359
282 357
79 273
79 271
79 359
79 126
79 96
79 178
79 90
79 264
301 359
301 155
301 370
301 357
301 171
301 187
245 210
245 370
245 271
245 194
245 289
245 312
245 56
245 273
245 131
245 8
245 126
245 96
245 171
132 210
132 370
132 357
132 171
132 178
132 8
132 93
139 44
139 158
139 90
139 359
139 194
139 8
139 126
139 96
139 171
139 180
139 273
139 370
139 218
307 370
307 90
307 359
307 194
307 8
307 96
307 289
307 149
307 93
307 298
204 158
204 90
204 8
204 264
204 242
204 371
204 179
204 202
204 27
204 155
204 171
344 273
344 210
344 370
344 126
344 357
344 171
344 187
344 179
344 155
344 298
162 273
162 178
162 210
162 370
162 131
162 271
162 359
162 171
162 187
162 179
162 357
162 289
352 56
352 178
352 271
352 126
352 298
352 273
352 210
287 178
287 370
287 8
287 22
287 155
287 96
287 312
287 56
287 273
287 271
287 359
287 358
287 289
15 160
15 178
15 340
15 8
15 155
15 273
15 370
15 357
16 273
16 210
16 8
16 357
16 264
16 96
16 178
16 218
16 90
16 359
16 126
293 160
293 178
293 210
293 131
293 271
293 18
293 8
293 126
293 357
293 180
293 56
293 370
293 194
293 155
293 171
293 381
293 187
118 56
118 273
118 178
118 210
118 271
118 359
118 187
118 298
118 126
118 357
118 96
32 56
32 178
32 179
32 271
32 126
32 213
32 171
32 312
32 370
32 131
32 359
32 358
32 8
32 357
32 330
32 381
32 187
286 202
286 158
286 340
286 96
286 171
286 180
286 298
286 155
376 273
376 202
376 158
376 218
376 90
376 359
376 340
376 22
376 171
376 8
376 155
376 96
55 210
55 268
55 218
55 359
55 258
55 22
55 155
55 171
55 381
55 160
55 202
55 8
55 47
223 90
223 264
223 96
223 289
223 180
223 359
37 160
37 370
37 202
37 158
37 359
37 340
37 8
37 47
37 155
37 96
37 171
37 381
37 178
37 264
37 258
37 298
310 160
310 158
310 218
310 90
310 258
310 96
310 210
310 370
310 202
310 359
310 340
310 8
310 155
310 171
82 160
82 273
82 178
82 271
82 8
82 381
82 298
82 56
82 210
82 370
82 358
82 126
82 357
167 56
167 178
167 271
167 8
167 357
167 371
167 180
167 171
167 381
167 298
226 371
226 171
226 298
226 210
226 8
168 202
168 8
168 357
168 258
168 22
168 371
168 56
168 47
168 96
168 171
3 160
3 27
3 8
3 357
3 330
3 155
3 52
3 381
3 312
3 215
3 192
3 51
3 213
366 178
366 370
366 271
366 359
366 8
366 126
366 47
366 264
366 96
366 171
366 56
366 210
366 90
366 22
366 155
231 273
231 178
231 218
231 8
231 96
231 210
231 155
337 8
337 357
337 47
337 289
337 171
337 312
337 22
333 56
333 44
333 370
333 2
333 258
333 96
333 171
333 158
333 155
313 158
313 264
313 258
313 371
313 312
313 273
313 202
313 359
306 218
306 359
306 22
306 371
306 90
306 171
128 370
128 202
128 158
128 90
128 155
128 96
128 27
128 359
128 8
128 47
128 264
128 371
128 171
61 27
61 155
61 96
61 44
61 370
336 277
277 22
277 171
56 46
56 362
56 177
56 296
56 235
56 255
56 209
56 247
56 169
56 319
56 325
56 341
56 127
56 164
56 157
56 348
56 272
56 23
56 121
56 80
56 60
56 365
56 5
56 240
56 116
56 243
56 151
56 84
56 345
56 256
56 181
56 141
56 104
56 43
56 323
56 13
56 165
56 105
56 355
56 374
56 377
56 134
56 166
56 110
56 100
56 68
56 363
56 236
56 332
56 328
56 375
56 26
56 91
56 120
56 238
56 327
56 239
56 145
56 71
56 230
56 135
56 102
56 137
56 21
56 219
56 136
56 232
46 8
46 330
46 171
362 178
362 210
362 370
362 179
362 51
362 131
362 126
362 357
362 330
362 213
362 155
362 187
362 358
362 171
362 381
177 8
177 155
177 47
296 210
296 90
296 8
296 126
296 357
296 264
296 273
296 370
296 271
296 359
296 96
296 171
296 298
235 370
235 268
235 202
235 218
235 27
235 90
235 93
235 264
235 258
235 22
235 371
235 96
235 149
235 158
235 357
235 171
255 160
255 210
255 179
255 271
255 126
255 371
255 178
255 194
255 8
255 22
255 171
255 381
255 187
209 126
209 357
209 180
209 36
209 381
247 210
247 8
247 47
247 371
247 155
247 160
247 171
247 381
169 160
169 131
169 358
169 357
169 213
169 155
169 52
169 171
169 179
169 51
169 381
169 312
319 8
319 47
319 2
319 155
319 171
319 381
319 215
319 160
319 210
319 27
325 160
325 192
325 51
325 358
325 371
325 381
325 52
341 210
341 194
341 8
341 155
341 171
127 178
127 370
127 179
127 8
127 371
127 171
127 358
164 178
164 210
164 271
164 18
164 357
164 155
164 171
164 381
164 298
164 131
157 44
157 8
157 47
157 371
157 155
157 96
157 171
157 298
157 180
348 178
348 210
348 131
348 18
348 359
348 8
348 126
348 357
348 155
348 171
348 381
348 370
348 194
348 187
272 27
272 371
272 155
272 370
272 171
272 215
23 178
23 210
23 370
23 271
23 357
23 298
23 273
23 359
23 126
121 273
121 178
121 210
121 218
121 359
121 8
121 126
121 264
121 22
121 298
121 271
121 90
121 96
121 171
121 180
80 370
80 158
80 218
80 93
80 264
80 258
80 371
80 155
80 96
80 171
60 268
60 202
60 158
60 218
60 90
60 8
60 357
60 242
60 258
60 96
60 370
60 47
60 22
60 155
365 370
365 131
365 18
365 359
365 8
365 126
365 371
365 381
365 187
365 210
365 179
365 271
365 36
365 357
365 171
365 180
5 44
5 273
5 210
5 370
5 131
5 330
5 178
5 358
5 126
5 155
5 381
240 210
240 179
240 126
240 357
240 213
240 171
240 381
240 187
240 160
240 358
240 47
240 22
240 371
240 155
116 210
116 202
116 158
116 90
116 357
116 264
116 258
116 22
116 171
116 381
116 273
116 218
116 8
116 371
116 155
116 96
243 210
243 357
243 171
243 381
243 298
243 178
243 370
243 131
243 271
243 18
243 359
243 194
243 8
243 47
243 96
151 273
151 178
151 210
151 370
151 271
151 194
151 96
151 359
151 8
84 51
84 90
84 358
84 8
84 264
84 371
84 96
84 171
84 359
84 258
84 155
345 370
345 359
345 264
345 371
345 155
345 96
345 289
345 298
345 210
345 171
256 64
256 178
256 210
256 271
256 381
181 47
181 242
181 22
181 371
181 155
181 52
181 171
181 194
181 357
141 273
141 218
141 359
141 126
141 155
141 180
141 370
141 8
104 160
104 18
104 8
104 47
104 264
104 381
104 210
104 194
104 357
104 155
43 273
43 178
43 131
43 271
43 194
43 8
43 357
43 371
43 171
43 381
43 187
43 180
43 370
43 359
43 340
43 126
43 96
43 289
43 298
43 149
323 178
323 18
323 194
323 8
323 371
323 155
323 289
323 171
13 160
13 131
13 271
13 18
13 36
13 126
13 171
13 187
13 312
13 358
13 194
13 357
13 155
13 381
165 160
165 271
165 18
165 36
165 194
165 155
165 171
105 160
105 210
105 215
105 8
105 371
105 155
105 52
105 171
355 273
355 178
355 131
355 126
355 367
355 64
374 273
374 202
374 158
374 90
374 96
374 171
374 298
374 359
374 340
374 258
374 371
374 155
377 8
134 192
134 178
134 27
134 340
134 258
134 371
134 155
134 171
134 44
134 47
134 242
166 192
166 358
166 371
166 52
110 273
110 358
110 126
110 187
110 298
110 44
110 210
110 8
110 96
100 268
100 202
100 90
100 357
100 264
100 242
100 258
100 371
100 96
100 171
100 370
100 8
100 47
100 155
68 210
68 51
68 358
68 8
68 47
68 171
68 367
68 298
68 370
68 357
363 8
363 155
363 171
236 210
236 370
236 131
236 358
236 357
236 330
236 155
236 381
236 160
236 271
236 126
236 213
236 171
332 210
332 131
332 126
332 371
332 381
332 180
332 370
332 18
332 359
332 36
332 8
332 357
332 155
328 178
328 36
328 194
328 357
328 381
328 180
328 126
328 371
328 171
160 29
160 232
160 322
160 369
160 320
160 108
160 349
160 329
160 275
160 148
160 278
160 262
160 251
160 24
160 45
160 238
160 161
160 253
160 123
160 327
160 285
160 65
160 259
160 266
160 59
160 265
160 354
160 190
160 203
160 246
160 361
160 135
160 70
160 94
160 324
160 183
160 308
160 196
160 91
160 85
160 284
160 86
160 382
160 208
160 130
160 228
160 48
160 69
160 146
160 297
160 221
160 195
160 153
160 290
160 197
160 19
160 83
160 102
29 268
29 90
29 264
29 371
29 52
29 171
29 158
29 27
29 8
232 44
232 178
232 370
232 158
232 90
232 96
232 171
232 210
232 8
322 268
322 158
322 8
322 264
322 258
322 171
322 202
322 18
322 242
322 22
322 371
369 273
369 178
369 210
369 370
369 90
369 359
369 8
369 126
369 264
369 22
369 381
369 312
369 171
369 298
320 131
320 194
320 126
320 171
320 381
320 312
108 194
108 171
108 370
349 370
349 202
349 218
349 359
349 8
349 93
349 47
349 258
349 22
349 155
349 96
349 381
349 158
349 90
349 171
329 202
329 90
329 8
329 47
329 264
329 171
329 381
329 178
329 258
329 155
275 178
275 271
275 194
275 18
275 155
275 381
148 158
148 8
148 178
148 271
148 359
148 381
278 171
278 381
278 210
278 131
278 18
278 371
278 155
262 192
262 358
262 330
262 213
262 155
262 179
262 171
262 187
262 215
251 90
251 8
251 93
251 264
251 258
251 371
251 155
251 180
251 96
251 171
24 268
24 202
24 218
24 90
24 340
24 8
24 264
24 242
24 22
24 171
24 258
24 96
45 192
45 44
45 22
45 371
45 171
45 194
45 8
45 357
45 52
238 218
238 27
238 358
238 371
238 96
238 171
238 44
238 8
238 47
161 273
161 155
161 143
161 171
161 22
253 44
253 27
253 47
253 213
253 215
253 192
253 51
253 330
253 371
253 171
123 370
123 271
123 36
123 371
123 171
123 381
123 131
123 194
327 51
327 371
327 52
327 171
327 215
327 27
327 155
327 381
285 18
285 171
285 381
285 187
285 194
285 8
65 370
65 359
65 340
65 8
65 171
65 273
65 96
65 298
259 131
259 271
259 18
259 381
259 312
259 36
259 194
266 90
266 359
266 264
266 258
266 22
266 371
266 96
266 381
266 202
266 8
266 357
266 47
266 155
266 171
59 51
59 268
59 27
59 52
59 215
59 371
265 155
265 171
354 192
354 178
354 370
354 36
354 47
354 155
354 381
190 36
190 8
190 171
190 155
190 381
203 370
203 179
203 36
203 8
203 155
246 202
246 90
246 8
246 371
246 155
246 96
246 47
246 264
246 171
361 370
361 8
361 22
361 171
361 340
361 155
135 192
135 47
135 242
135 155
135 96
135 52
135 27
135 8
135 258
135 171
135 381
135 215
70 192
70 258
70 371
70 52
70 381
70 44
70 27
70 171
94 210
94 158
94 357
94 47
94 242
94 258
94 202
94 340
94 155
94 171
94 381
324 44
324 268
324 8
324 52
324 171
324 192
324 155
324 215
183 273
183 218
183 359
183 8
183 22
183 371
183 155
183 96
183 381
183 298
183 202
183 90
183 357
183 264
308 268
308 202
308 47
308 264
308 258
308 371
308 155
308 96
308 171
308 158
308 90
308 8
308 381
196 178
196 210
196 370
196 8
196 126
196 96
196 171
196 273
91 179
91 131
91 271
91 126
91 213
91 171
91 187
91 330
91 47
91 155
91 381
85 192
85 44
85 210
85 268
85 8
85 242
85 155
85 52
85 381
85 2
85 371
85 171
284 158
284 27
284 90
284 359
284 8
284 357
284 258
284 155
284 202
284 22
284 96
284 171
86 158
86 218
86 8
86 47
86 155
86 96
86 381
86 273
86 90
86 359
86 264
192 42
192 229
192 130
192 71
192 195
192 208
192 119
192 14
192 19
192 137
192 228
192 144
192 112
192 205
192 48
192 291
192 101
192 304
192 270
192 331
42 268
42 202
42 158
42 90
42 264
42 258
42 371
42 155
42 171
42 242
229 202
229 158
229 8
229 242
229 371
229 268
229 90
229 357
229 22
229 171
229 381
130 44
130 358
130 330
130 215
130 51
130 268
130 27
130 371
71 44
71 370
71 268
71 8
71 126
71 47
71 155
71 171
71 215
71 51
71 18
71 93
195 44
195 178
195 358
195 8
195 371
195 155
195 171
195 381
195 312
195 330
195 47
195 215
208 44
208 51
208 27
208 194
208 8
208 357
208 330
208 381
208 215
208 22
208 155
208 52
208 171
119 51
119 218
119 8
14 44
14 268
14 8
14 155
14 27
14 242
14 171
14 381
19 44
19 210
19 268
19 27
19 90
19 357
19 242
19 22
19 371
19 155
19 47
19 258
19 52
19 381
137 268
137 171
137 44
137 158
137 242
137 258
137 371
137 52
137 215
228 131
228 36
228 381
44 304
44 211
44 112
44 383
44 48
44 283
44 315
44 263
44 270
44 144
44 50
44 66
44 101
44 11
44 291
304 27
304 8
304 93
304 2
304 242
304 52
304 171
304 22
304 215
211 268
211 8
211 357
211 258
211 155
211 210
211 27
112 242
112 155
112 52
112 171
112 215
112 371
112 213
112 381
383 210
383 370
383 8
383 330
383 187
383 213
48 268
48 27
48 8
48 215
48 242
48 171
283 268
283 202
283 158
283 8
283 264
283 242
283 258
283 155
283 90
283 371
283 171
315 171
315 8
315 47
315 2
263 155
270 268
270 47
270 242
270 52
270 8
270 171
144 268
144 27
144 357
144 155
144 52
144 8
144 22
144 371
144 171
273 233
273 378
273 318
273 221
273 122
273 54
273 288
273 260
273 159
273 26
273 185
273 269
273 21
273 50
273 346
273 120
273 113
273 364
273 114
273 34
273 250
273 12
273 81
273 338
273 174
273 200
273 292
273 9
273 347
273 145
233 210
233 64
233 171
233 367
233 298
233 8
233 155
378 210
378 367
318 158
318 90
318 357
318 371
318 218
318 359
318 8
318 155
318 96
318 171
221 210
221 370
221 202
221 359
221 258
221 371
221 155
221 96
221 381
221 158
221 93
122 210
122 370
122 218
122 90
122 8
122 126
122 264
122 178
122 359
122 171
122 298
54 370
54 96
54 289
54 180
54 271
54 126
54 171
54 298
288 218
288 90
288 93
288 258
288 96
288 158
288 359
288 171
260 359
260 8
260 126
260 289
260 370
260 271
260 264
159 158
159 90
159 359
159 264
159 258
159 155
159 180
159 298
159 218
159 8
26 370
26 158
26 218
26 93
26 264
26 171
26 202
26 8
26 96
185 370
185 359
185 264
185 258
185 171
185 158
185 218
185 90
269 202
269 90
269 359
269 357
269 47
269 264
269 258
269 22
269 155
269 381
269 218
269 8
269 171
21 178
21 370
21 179
21 131
21 271
21 359
21 357
21 155
21 96
21 187
21 298
21 8
21 171
21 381
21 180
50 210
50 158
50 218
50 359
50 47
50 258
50 22
50 371
50 155
50 96
50 171
50 202
50 264
346 178
346 271
346 8
346 126
346 96
346 171
346 210
346 370
346 359
346 358
346 298
120 210
120 359
120 126
120 264
120 155
120 289
120 180
120 90
120 194
120 171
113 178
113 210
113 359
113 340
113 8
113 357
113 96
113 171
113 370
364 178
364 370
364 359
364 194
364 8
364 357
364 96
364 171
364 131
364 289
114 96
114 289
114 171
114 178
114 210
114 370
114 90
114 359
114 264
34 298
178 200
178 227
178 98
178 219
178 205
178 154
178 62
178 1
178 338
178 92
178 9
178 350
178 33
178 375
178 250
178 145
178 206
200 340
200 93
200 96
200 8
200 264
200 289
200 312
227 210
227 271
227 359
227 370
227 22
227 371
227 171
227 180
98 158
98 90
98 8
98 258
98 22
98 371
98 96
98 171
98 202
98 264
98 155
98 381
219 271
219 126
219 96
219 171
219 298
219 210
219 370
205 370
205 158
205 27
205 8
205 47
205 155
205 171
154 340
154 47
154 258
154 371
154 155
154 381
154 171
62 18
62 194
62 8
62 126
62 155
62 171
62 180
62 357
62 22
62 381
1 210
1 27
1 93
1 371
1 155
1 381
1 158
1 171
338 359
338 8
338 126
338 264
338 22
338 155
338 370
338 271
338 96
338 171
92 268
92 202
92 358
92 264
92 242
92 155
92 96
92 171
92 371
9 210
9 370
9 271
9 194
9 8
9 126
9 171
350 340
350 8
350 126
350 357
350 264
350 155
350 210
350 370
350 171
33 179
33 90
33 8
33 93
33 371
33 155
33 96
33 171
33 158
33 357
33 264
33 258
210 339
210 138
210 230
210 174
210 382
210 375
210 102
210 250
210 145
210 292
210 279
339 27
339 357
339 171
339 381
339 8
339 47
339 22
138 158
138 90
138 8
138 357
138 258
138 371
138 155
138 171
138 268
138 202
138 47
138 96
230 370
230 268
230 158
230 90
230 358
230 8
230 264
230 242
230 22
230 381
230 312
230 202
230 27
230 258
230 371
230 96
174 370
174 271
174 90
174 359
174 126
174 96
174 298
382 268
382 202
382 158
382 264
382 258
382 22
382 155
382 8
375 370
375 179
375 358
375 126
375 357
375 381
375 298
375 131
375 271
375 330
375 171
370 294
370 78
370 170
370 136
370 41
370 244
370 147
370 292
370 12
370 342
370 186
370 248
370 83
370 11
370 107
370 81
370 297
370 20
294 202
294 218
294 359
294 8
294 47
294 264
294 171
294 90
294 93
294 155
294 96
294 381
78 358
78 8
78 298
78 264
78 155
170 268
170 158
170 90
170 8
170 258
170 171
170 242
170 22
170 96
136 202
136 218
136 359
136 357
136 264
136 371
136 171
136 158
136 90
136 381
41 27
41 155
244 359
244 8
244 96
244 271
244 158
244 171
147 202
147 90
147 358
147 8
147 47
147 242
147 155
147 96
147 268
147 171
147 381
292 96
292 359
292 264
292 298
12 264
12 271
342 18
342 359
342 8
342 357
342 289
342 171
186 202
186 258
186 298
186 158
186 359
186 96
83 194
83 47
83 242
83 371
83 171
83 8
83 357
83 381
11 358
11 47
11 242
11 371
11 155
11 96
11 93
11 52
11 171
11 312
11 215
179 321
321 213
321 171
321 187
51 331
331 27
331 52
331 371
268 152
268 198
268 197
268 69
268 89
268 300
268 39
268 297
268 146
268 38
268 184
268 302
268 57
268 291
268 102
268 75
268 101
268 172
268 35
152 202
152 158
152 90
152 264
152 242
152 371
152 258
152 155
152 171
198 90
198 264
198 242
198 371
198 202
198 158
198 8
198 258
198 155
198 171
198 381
197 8
197 371
197 155
197 202
69 202
69 158
69 90
69 8
69 357
69 93
69 242
69 258
69 22
69 155
69 381
69 264
89 202
89 158
89 8
89 264
89 242
89 171
89 258
89 371
89 155
300 158
300 8
300 264
300 242
300 258
300 371
300 96
39 202
39 158
39 27
39 8
39 242
39 258
39 96
39 171
39 264
39 371
39 155
297 18
297 340
297 8
297 264
297 242
297 258
297 371
297 155
297 171
297 202
297 158
297 90
297 47
297 96
131 225
225 271
225 36
225 194
225 381
225 180
202 146
202 102
202 53
202 302
202 57
202 184
202 172
202 252
202 88
202 81
202 30
202 35
202 239
202 163
202 109
146 158
146 8
146 264
146 171
146 242
146 258
146 371
102 357
102 258
102 171
102 381
102 8
102 93
102 264
102 242
102 371
53 90
53 264
53 242
53 155
53 96
53 158
53 258
53 371
302 158
302 218
302 90
302 8
302 258
302 371
302 264
302 155
57 158
57 218
57 27
57 340
57 8
57 357
57 264
57 258
57 155
57 96
57 171
57 371
57 381
184 158
184 90
184 8
184 264
184 371
184 155
184 171
184 242
184 258
172 158
172 8
172 264
172 371
172 155
172 171
172 93
172 258
172 96
252 158
252 359
252 340
252 8
252 258
252 155
252 96
252 171
252 381
252 298
271 81
81 158
81 218
81 264
81 258
81 298
81 359
81 155
158 250
158 191
158 35
158 239
158 299
158 111
158 163
158 75
158 347
158 17
158 343
158 88
158 10
158 38
250 90
250 359
250 264
250 126
250 96
191 90
191 155
191 96
191 171
191 8
191 242
191 258
191 371
35 194
35 340
35 264
35 242
35 258
35 22
35 371
35 218
35 8
35 155
239 90
239 359
239 155
239 340
239 8
239 264
239 258
239 96
239 171
299 8
299 218
111 93
111 264
111 155
111 90
111 8
111 96
111 171
111 180
163 90
163 264
163 258
163 155
163 171
163 298
163 218
163 340
75 8
75 93
75 264
75 155
75 90
75 371
347 359
347 93
347 264
347 258
347 171
347 312
347 90
347 96
218 107
218 10
218 88
218 220
107 171
107 359
107 155
10 90
10 357
10 96
10 171
10 8
10 93
10 242
88 8
88 155
88 96
88 90
88 258
27 291
27 66
291 8
291 47
291 258
291 155
291 171
291 242
66 194
66 8
66 47
66 371
66 381
18 317
18 334
317 194
317 180
90 72
90 217
90 145
90 295
90 343
90 109
90 30
90 20
72 194
72 264
72 258
72 96
72 180
217 264
217 8
217 96
145 359
145 264
145 96
145 171
145 381
145 298
145 371
145 312
295 171
295 155
343 359
343 258
343 96
343 171
109 242
109 258
109 96
359 20
36 281
36 153
281 8
281 381
358 290
358 279
290 330
290 215
290 171
290 187
194 380
380 180
380 381
340 360
340 133
340 220
360 264
133 155
133 381
133 8
8 129
8 280
8 20
8 199
8 140
8 25
8 106
8 188
8 279
8 309
8 40
8 241
8 176
8 373
8 216
129 155
129 171
280 357
280 371
280 381
280 155
280 143
280 171
20 264
20 155
20 289
20 126
20 371
20 96
199 47
199 258
199 371
199 171
140 155
140 298
140 171
140 367
25 371
25 171
25 155
106 258
106 155
106 96
106 180
106 264
106 171
188 357
188 93
188 171
188 155
279 357
279 47
279 155
279 96
279 187
279 330
279 213
279 171
309 171
309 149
309 155
357 335
357 334
357 373
335 171
335 242
335 258
335 371
334 312
93 38
93 17
38 258
38 155
38 171
38 264
38 242
38 96
17 312
17 96
47 373
47 176
373 155
373 171
176 171
176 213
264 30
30 258
30 96
30 171
30 180
30 298
2 101
101 242
101 171
101 215
101 371
101 155
155 31
155 103
155 206
31 171
103 171
103 312
96 216
216 289
52 153
153 381
171 40
171 125
171 87
171 206
171 305
171 115
171 99
171 214
171 7
125 381
206 312
115 381
312 7
367 150
180 241
298 241
