124 23
124 32
124 371
124 0
124 312
124 229
124 65
124 168
124 110
124 164
124 260
124 292
124 185
124 55
124 352
124 174
124 21
124 240
124 238
124 285
124 182
124 249
124 76
124 342
124 345
124 242
124 298
124 54
124 141
124 159
124 268
124 281
124 220
124 79
124 28
124 139
124 173
124 365
124 86
124 73
124 225
124 97
124 239
124 204
124 121
124 156
124 348
124 347
124 284
124 368
124 163
124 346
124 81
124 244
124 363
124 318
124 219
124 83
124 300
124 186
124 120
124 123
124 61
124 37
124 196
124 58
124 343
124 265
124 315
124 49
124 309
124 63
124 193
124 113
124 355
124 157
124 189
124 74
124 237
124 118
124 114
124 4
124 375
124 142
124 313
124 272
124 95
124 50
124 222
124 373
124 291
124 201
124 67
124 5
124 374
124 223
124 6
124 206
124 336
124 349
124 253
124 26
124 3
124 30
124 167
124 145
124 295
124 286
124 325
124 175
124 116
124 235
124 162
124 266
124 16
124 317
124 20
124 344
124 378
124 212
124 11
124 151
124 132
23 178
23 210
23 126
23 96
23 369
23 270
32 56
32 178
32 210
32 369
32 131
32 357
32 126
32 171
32 179
32 270
32 8
32 329
32 213
32 187
32 311
371 131
371 358
371 356
371 187
371 297
371 56
371 273
371 178
371 179
371 96
0 56
0 160
0 47
0 257
0 370
0 155
0 96
0 380
0 210
0 158
0 358
0 263
0 171
312 160
312 358
312 8
312 263
312 257
312 370
312 171
312 202
312 158
312 90
312 311
229 178
229 155
229 171
229 210
229 217
229 8
229 96
65 273
65 369
65 96
65 171
65 297
65 160
65 358
65 339
168 202
168 241
168 257
168 22
168 96
168 356
168 370
168 155
168 171
110 44
110 178
110 357
110 126
110 356
110 96
110 187
110 273
110 210
110 270
110 8
110 297
164 160
164 273
164 178
164 131
164 18
164 155
164 288
164 380
164 180
164 56
164 270
164 356
260 210
260 369
260 90
260 56
292 178
292 210
292 358
292 263
292 297
292 369
185 273
185 369
185 158
185 263
185 171
185 257
185 96
55 210
55 267
55 90
55 8
55 257
55 96
55 171
55 380
55 358
55 47
55 263
352 178
352 126
352 297
352 273
352 210
352 270
352 96
174 178
174 270
174 90
174 358
174 96
174 171
174 56
174 273
174 369
21 56
21 273
21 178
21 210
21 270
21 358
21 126
21 356
21 96
21 369
21 179
21 18
21 194
21 171
21 180
240 8
240 180
240 297
240 358
238 158
238 339
238 8
238 263
238 96
238 171
238 297
238 56
238 202
238 90
238 358
238 155
285 158
285 358
285 339
285 155
285 96
285 263
285 257
285 180
285 297
182 171
249 178
249 210
249 369
249 158
249 339
249 126
249 263
249 297
249 273
249 358
76 210
76 358
76 339
76 96
76 297
76 273
76 178
76 158
76 217
76 90
342 273
342 178
342 179
342 358
342 126
342 356
342 155
342 187
342 56
342 369
342 270
342 171
342 297
345 178
345 270
345 217
345 126
345 297
345 273
345 358
345 357
345 96
242 56
242 178
242 210
242 270
242 8
242 356
242 288
242 171
242 380
242 180
242 297
242 273
242 131
242 358
242 126
242 47
242 155
242 96
298 158
298 8
298 217
54 273
54 210
54 131
54 194
54 126
54 288
54 171
54 56
54 369
54 270
54 358
54 180
54 297
141 273
141 369
141 270
141 126
141 155
141 96
141 56
141 358
141 8
141 171
141 180
159 178
159 8
159 126
159 155
159 171
159 158
159 358
159 263
159 257
159 180
159 297
268 160
268 273
268 202
268 90
268 263
268 22
268 96
268 171
268 358
268 8
268 47
268 155
281 270
281 18
281 358
281 194
281 356
281 155
281 171
281 187
281 180
281 56
281 178
281 369
281 179
281 126
220 160
220 369
220 202
220 358
220 8
220 93
220 263
220 370
220 155
220 380
220 273
220 158
220 171
79 56
79 273
79 369
79 270
79 217
79 358
79 263
79 96
79 180
79 297
79 158
79 90
79 126
28 56
28 178
28 369
28 158
28 90
28 8
28 126
28 263
28 297
28 210
28 180
139 44
139 358
139 194
139 8
139 263
139 257
139 155
139 171
139 180
139 273
139 270
139 158
139 217
173 192
173 8
173 370
365 273
365 270
365 358
365 126
365 22
365 155
365 96
365 288
365 171
365 180
365 369
365 8
86 273
86 202
86 358
86 263
86 96
86 171
86 380
86 160
86 158
86 217
86 90
86 8
86 155
73 210
73 369
73 179
73 357
73 8
73 213
73 171
73 311
73 178
73 131
73 358
73 126
73 356
73 329
73 370
73 155
225 339
225 8
225 370
225 171
225 358
225 297
97 160
97 210
97 8
97 329
97 47
97 370
97 171
97 56
97 369
97 356
239 56
239 210
239 131
239 270
239 357
239 194
239 126
239 22
239 370
239 155
239 380
239 187
239 8
239 329
239 47
239 171
204 179
204 90
204 263
204 241
204 257
204 155
204 171
204 267
204 202
204 158
204 27
121 178
121 369
121 270
121 18
121 90
121 358
121 356
121 155
121 180
121 297
121 56
121 210
121 8
121 126
121 96
121 171
156 160
156 202
156 217
156 339
156 356
156 47
156 263
156 257
156 171
156 369
156 158
156 155
348 160
348 158
348 217
348 90
348 358
348 356
348 96
348 171
348 202
348 8
348 47
348 263
348 257
348 370
348 380
347 56
347 273
347 178
347 369
347 270
347 358
347 126
347 356
347 96
347 171
347 187
347 180
347 18
347 194
284 160
284 202
284 263
284 370
284 27
284 358
284 8
284 155
368 273
368 178
368 270
368 22
368 171
368 297
368 56
368 160
368 210
368 358
368 8
368 126
368 263
368 155
368 96
163 202
163 158
163 217
163 263
163 96
163 171
163 297
163 90
163 358
163 339
163 8
163 155
346 369
346 158
346 93
346 96
81 160
81 273
81 369
81 270
81 358
81 297
81 178
81 210
81 8
81 126
81 356
81 187
244 56
244 273
244 178
244 369
244 131
244 358
244 194
244 126
244 288
244 311
363 273
363 178
363 210
363 131
363 358
363 194
363 8
363 126
363 356
363 187
363 288
363 297
318 44
318 2
318 214
318 27
318 22
318 380
219 217
219 358
219 96
219 339
83 56
83 90
83 257
83 370
83 155
83 171
83 158
83 217
83 358
300 358
300 155
300 187
300 369
300 179
300 8
186 369
186 158
186 217
186 358
186 263
186 96
186 297
186 202
120 273
120 210
120 369
120 270
120 263
120 155
120 56
120 178
120 358
120 194
120 126
120 171
120 180
123 369
123 217
123 90
123 358
123 8
123 263
123 96
123 297
123 210
123 126
123 171
61 369
61 155
61 171
61 44
61 27
61 96
37 178
37 369
37 158
37 358
37 339
37 155
37 96
37 311
37 297
37 257
37 171
196 56
196 210
196 369
196 8
196 171
196 155
58 56
58 44
58 27
58 2
58 96
58 380
58 214
58 179
58 171
343 358
343 155
343 96
343 171
343 158
343 90
343 356
343 93
343 263
265 160
265 358
265 8
265 47
265 263
265 257
265 22
265 155
265 158
265 217
265 90
265 96
265 380
315 56
315 192
315 369
315 202
315 27
315 47
315 263
315 160
315 179
315 90
315 93
315 241
315 370
315 380
49 273
49 369
49 270
49 217
49 356
49 178
49 210
49 131
49 8
49 171
309 56
309 160
309 369
309 202
309 158
309 90
309 339
309 263
309 257
309 155
309 171
309 273
309 210
309 217
309 358
63 178
63 158
63 126
63 356
63 263
63 257
63 171
63 180
63 369
63 270
63 96
193 178
193 369
193 217
193 90
193 358
193 96
193 288
193 273
193 210
193 8
193 126
193 263
113 178
113 217
113 96
113 171
113 210
113 339
113 8
113 126
113 263
355 56
355 158
355 90
355 358
355 126
355 263
355 288
355 273
355 297
157 44
157 263
157 155
157 56
157 369
157 217
157 358
157 357
157 8
157 370
157 171
189 273
189 158
189 217
189 90
189 358
189 93
189 96
189 369
189 263
189 288
74 369
74 158
74 8
74 263
74 257
74 96
74 171
74 202
74 217
237 160
237 44
237 217
237 27
237 357
237 8
237 96
237 171
118 56
118 273
118 178
118 210
118 369
118 270
118 96
118 187
118 358
118 297
114 178
114 90
114 358
114 126
114 96
114 288
114 297
114 273
114 369
114 8
114 263
114 171
4 44
4 51
4 8
4 370
4 155
4 214
4 56
4 27
4 47
375 273
375 369
375 90
375 358
375 22
375 158
375 217
375 8
375 96
335 276
335 75
276 171
276 22
56 26
56 340
56 320
56 374
56 256
56 291
56 233
56 43
56 236
56 108
56 350
56 317
56 274
56 253
56 162
56 181
56 11
56 367
56 136
56 161
56 376
56 231
56 209
56 128
56 246
56 46
56 230
56 132
56 3
56 29
56 344
56 68
56 234
56 378
56 177
56 12
56 30
56 254
56 151
56 60
56 13
56 295
56 207
56 71
56 167
56 104
56 91
56 361
56 84
56 175
56 127
56 271
56 313
56 212
56 134
56 275
56 116
56 354
56 145
56 373
56 293
56 362
56 221
56 117
56 286
56 218
56 166
56 9
56 100
56 290
56 364
26 273
26 202
26 158
26 93
26 263
26 257
26 155
26 171
26 369
26 8
26 96
340 210
340 194
340 155
340 171
340 8
320 210
320 179
320 131
320 270
320 356
320 213
320 171
320 187
320 178
320 357
320 8
320 126
374 369
374 358
374 8
374 288
374 178
374 210
374 179
374 126
374 356
374 329
374 171
374 380
374 187
374 297
256 273
256 210
256 369
256 131
256 270
256 194
256 8
256 356
256 155
256 96
256 178
256 27
256 358
256 187
256 180
291 160
291 178
291 369
291 270
291 18
291 194
291 356
291 171
291 187
291 311
291 180
291 126
291 22
291 380
233 160
233 178
233 179
233 131
233 357
233 126
233 329
233 213
233 369
233 47
233 187
43 273
43 210
43 369
43 131
43 358
43 194
43 8
43 126
43 370
43 96
43 171
43 297
43 178
43 356
43 380
236 160
236 178
236 210
236 270
236 356
236 329
236 22
236 171
236 369
236 179
236 357
236 8
236 213
236 155
108 369
108 194
108 8
108 155
108 96
108 160
108 210
350 273
350 369
350 358
350 339
350 126
317 273
317 158
317 90
317 358
317 257
317 370
317 96
317 380
317 202
317 217
317 8
317 356
317 263
317 171
274 160
274 270
274 380
274 131
274 155
253 180
253 273
253 178
253 210
253 369
253 358
253 194
162 273
162 210
162 369
162 179
162 270
162 358
162 8
162 356
162 187
162 178
162 357
162 288
162 171
181 194
181 356
181 22
181 370
181 171
181 192
181 241
181 155
11 93
11 160
11 44
11 357
11 52
367 369
367 179
367 36
367 126
367 155
367 380
367 180
367 178
367 131
367 194
367 171
367 187
136 202
136 158
136 8
136 22
136 369
136 217
136 356
136 93
136 370
136 96
136 171
161 358
161 8
161 126
161 155
161 143
161 160
161 273
161 178
161 369
376 8
376 155
231 160
231 44
231 178
231 210
231 267
231 217
231 8
231 241
231 257
231 369
231 158
231 263
231 370
209 36
209 194
209 126
209 380
209 180
209 131
128 369
128 202
128 27
128 90
128 358
128 8
128 263
128 257
128 155
128 96
128 297
128 273
128 47
128 370
128 171
128 180
246 210
246 8
246 380
246 160
46 210
46 329
46 27
230 160
230 210
230 158
230 27
230 357
230 8
230 47
230 257
230 370
230 380
230 311
230 202
230 22
230 155
230 171
132 273
132 178
132 210
132 8
132 93
132 126
132 356
3 192
3 51
3 27
3 357
3 8
3 356
3 213
3 171
3 380
3 311
3 160
3 44
3 155
3 52
3 214
29 192
29 179
29 267
29 27
29 90
29 370
29 171
29 158
29 356
29 257
29 155
29 52
344 358
344 263
344 96
344 297
344 160
344 369
344 90
344 126
344 155
68 51
68 8
68 356
68 297
68 370
68 366
234 369
234 158
234 356
234 93
234 257
234 22
234 155
234 171
234 217
234 27
234 90
234 8
234 263
234 241
234 370
234 96
378 273
378 178
378 210
378 179
378 270
378 158
378 217
378 90
378 126
378 257
378 171
378 369
378 180
378 297
177 160
177 8
177 47
12 8
12 126
12 263
12 96
12 178
12 369
12 270
30 273
30 202
30 263
30 257
30 96
30 171
30 180
30 158
30 8
254 160
254 210
254 36
254 356
254 370
254 155
254 171
254 187
254 18
254 22
151 178
151 194
151 8
151 126
151 273
151 210
151 96
60 160
60 267
60 158
60 217
60 8
60 356
60 47
60 257
60 155
60 96
60 263
60 22
60 171
13 160
13 270
13 18
13 194
13 356
13 22
13 171
13 187
13 131
13 357
13 126
13 380
295 210
295 369
295 270
295 90
295 358
295 8
295 356
295 297
295 273
295 178
295 96
295 171
207 90
207 171
207 202
207 8
207 257
207 155
71 192
71 369
71 51
71 8
71 126
71 356
71 93
71 263
71 370
71 155
71 171
71 149
71 214
71 44
71 27
71 18
71 257
167 358
167 356
167 370
167 380
167 297
167 369
167 270
167 155
167 180
104 210
104 8
104 356
104 22
104 155
104 160
104 18
104 47
104 263
91 160
91 179
91 270
91 357
91 8
91 126
91 329
91 47
91 213
91 155
91 52
91 380
91 187
91 356
361 178
361 210
361 51
361 160
361 131
361 126
361 171
361 187
84 357
84 171
84 51
84 90
84 8
84 263
84 257
84 155
84 96
175 178
127 178
127 8
127 369
127 179
127 171
160 98
160 85
160 245
160 183
160 129
160 313
160 82
160 289
160 360
160 50
160 147
160 296
160 137
160 142
160 148
160 130
160 277
160 321
160 102
160 307
160 169
160 154
160 77
160 287
160 6
160 328
160 165
160 280
160 94
160 250
160 89
160 248
160 319
160 59
160 199
160 69
160 101
160 203
160 67
160 261
160 35
160 252
160 87
160 15
160 283
160 135
160 19
160 208
160 201
160 24
160 259
160 190
160 153
160 205
160 323
160 303
160 353
160 105
160 324
98 202
98 90
98 8
98 47
98 22
98 380
98 158
98 263
98 155
98 96
85 241
85 171
85 380
85 214
85 192
85 44
85 267
85 27
85 8
85 155
85 52
245 267
245 158
245 8
245 93
245 47
245 241
245 257
245 370
245 155
245 96
245 202
245 263
183 273
183 210
183 202
183 158
183 90
183 8
183 339
183 356
183 263
183 370
183 96
183 380
183 297
129 8
129 155
129 171
313 270
313 18
313 356
313 171
313 297
313 369
313 131
313 358
82 369
82 8
82 241
82 370
82 171
82 380
82 192
82 194
82 356
82 155
82 52
289 357
289 47
289 171
289 187
289 214
289 329
289 213
360 369
360 339
360 356
360 171
360 297
360 210
360 22
360 155
50 44
50 210
50 217
50 8
50 263
50 257
50 370
50 202
50 90
50 22
50 155
147 263
147 370
147 155
147 380
147 369
147 90
147 357
147 241
147 171
296 369
296 202
296 18
296 90
296 8
296 47
296 263
296 241
296 257
296 370
296 155
296 158
296 339
296 171
137 192
137 267
137 158
137 8
137 241
137 257
137 171
137 44
137 27
137 52
137 214
142 273
142 369
142 202
142 158
142 90
142 263
142 370
142 8
142 171
148 270
148 158
148 358
148 180
148 178
148 171
148 380
130 44
130 267
130 27
130 329
130 241
130 213
130 52
130 214
277 210
277 18
277 36
277 8
277 155
277 171
277 380
277 370
321 202
321 158
321 18
321 171
321 267
321 8
321 263
321 241
321 257
321 22
321 370
321 155
102 210
102 267
102 202
102 8
102 356
102 93
102 241
102 155
102 96
102 171
102 90
102 263
102 370
102 380
307 267
307 202
307 90
307 8
307 47
307 263
307 155
307 96
307 171
307 158
307 339
307 257
307 370
169 51
169 131
169 126
169 356
169 155
169 52
169 171
169 380
169 187
169 311
169 8
154 202
154 8
154 47
154 370
154 155
154 380
154 158
154 339
154 257
77 210
77 358
77 357
77 194
77 339
77 8
77 22
77 370
77 380
77 297
77 47
287 369
287 158
287 217
287 90
287 257
287 96
287 273
287 358
287 171
6 202
6 158
6 217
6 90
6 8
6 356
6 47
6 22
6 155
6 171
6 210
6 358
6 257
6 96
6 380
328 267
328 202
328 90
328 8
328 263
328 257
328 155
328 96
328 171
328 380
328 178
165 270
165 18
165 36
165 194
165 126
165 356
165 155
165 171
165 380
280 36
94 210
94 47
94 241
94 257
94 370
94 171
94 158
94 339
94 155
94 380
250 158
250 90
250 93
250 263
250 257
250 155
250 96
250 171
250 370
89 202
89 90
89 8
89 241
89 267
89 158
89 257
89 370
89 171
248 210
248 158
248 358
248 339
248 155
248 8
248 257
248 22
248 171
319 131
319 18
319 194
319 171
319 36
319 380
319 311
319 180
59 44
59 370
59 155
59 52
59 171
59 51
199 158
199 8
199 47
199 370
199 171
69 8
69 257
69 22
69 370
69 380
69 202
69 158
69 90
69 356
69 241
69 155
69 96
101 192
101 44
101 267
101 8
101 2
101 241
101 155
101 214
192 326
192 48
192 228
192 290
192 166
192 269
192 14
192 134
192 112
192 144
192 330
192 303
192 227
192 195
192 70
192 42
192 119
192 252
192 323
192 324
192 205
192 208
192 135
192 261
326 27
326 8
326 370
326 155
326 380
326 51
48 267
48 27
48 8
48 47
48 241
48 257
48 155
48 380
48 44
48 370
48 52
228 267
228 202
228 158
228 90
228 8
228 370
228 171
228 380
228 356
228 241
228 257
228 22
228 155
290 210
290 267
290 158
290 47
290 155
290 171
166 369
166 51
166 370
166 52
269 8
269 47
269 241
269 370
269 52
269 380
269 267
269 155
269 171
14 44
14 267
14 27
14 370
14 155
14 171
14 380
14 8
14 257
134 44
134 178
134 8
134 126
134 257
134 370
134 155
134 171
134 380
134 149
134 214
134 27
134 47
112 44
112 267
112 27
112 8
112 241
112 370
112 171
112 380
112 52
112 214
144 267
144 8
144 47
144 241
144 22
144 155
144 171
144 44
144 27
144 370
330 44
330 267
330 241
330 370
303 27
303 8
303 370
303 214
303 44
303 267
303 93
303 2
303 155
227 311
227 131
227 36
227 52
227 380
195 178
195 357
195 47
195 370
195 155
195 52
195 380
195 311
195 44
195 8
195 329
195 96
44 42
44 211
44 198
44 66
44 271
44 252
44 382
44 261
44 208
44 332
44 45
44 282
44 95
44 19
42 267
42 202
42 158
42 90
42 8
42 263
42 155
42 171
42 27
42 370
211 210
211 369
211 8
211 47
211 257
211 370
211 171
211 267
211 27
211 356
211 155
198 267
198 158
198 27
198 90
198 155
198 202
198 8
198 241
198 171
66 27
66 8
66 370
66 171
66 380
66 194
271 369
271 27
271 47
271 155
271 370
271 171
271 214
252 51
252 27
252 357
252 329
252 47
252 370
252 213
252 214
382 210
382 369
382 357
382 8
382 329
382 47
382 213
382 187
261 178
261 179
261 356
261 370
261 171
261 357
261 329
261 187
261 214
208 51
208 357
208 194
208 356
208 22
208 213
208 52
208 329
208 155
208 171
208 380
332 158
332 257
332 96
332 171
332 202
332 8
332 2
332 155
273 117
273 216
273 255
273 223
273 16
273 286
273 310
273 116
273 201
273 377
273 337
273 266
273 15
273 20
273 212
273 232
273 145
273 354
273 349
273 221
273 218
273 373
273 235
117 210
117 217
117 358
117 126
117 263
117 96
117 171
117 270
117 90
117 155
117 297
216 263
216 96
216 8
255 178
255 210
255 131
255 270
255 194
255 171
255 366
255 64
255 126
255 380
223 178
16 210
16 369
16 217
16 126
16 96
16 178
16 90
16 263
286 178
286 210
286 369
286 270
286 64
286 358
286 357
286 8
286 126
286 22
286 370
286 155
286 311
286 288
310 202
310 270
310 158
310 358
310 22
310 155
310 96
310 369
310 217
310 8
310 263
310 257
116 202
116 158
116 358
116 8
116 356
116 22
116 96
116 380
116 217
116 370
201 158
201 90
201 339
201 8
201 356
201 22
201 370
201 380
201 358
201 194
201 47
201 155
201 96
201 171
377 366
377 210
377 171
337 210
337 369
337 270
337 8
337 126
337 356
337 22
337 155
337 171
337 297
337 178
337 358
337 263
266 178
266 369
266 217
266 90
266 93
266 263
266 155
266 96
266 180
266 358
266 257
15 339
15 178
15 155
15 171
20 90
20 126
20 263
20 370
20 155
20 288
20 369
20 217
20 8
212 178
212 210
212 217
212 358
212 8
212 126
212 155
212 369
212 270
212 297
232 210
232 8
232 155
232 366
232 178
232 369
232 171
232 297
145 178
145 210
145 270
145 358
145 263
145 171
145 311
145 180
145 297
145 369
145 90
145 370
354 178
354 210
354 131
354 64
354 126
354 366
349 369
349 339
349 126
349 356
349 263
349 171
349 366
349 8
349 155
221 210
221 369
221 270
221 194
221 263
221 297
221 178
221 358
221 126
221 96
178 9
178 200
178 272
178 218
178 226
178 353
178 33
178 275
178 206
178 75
178 235
178 322
178 57
178 1
178 92
9 131
9 194
9 126
9 155
9 171
9 210
9 369
9 270
200 263
200 96
200 288
200 311
200 90
200 93
272 369
272 194
272 356
272 96
272 171
272 380
272 311
272 180
272 297
272 358
272 263
218 210
218 270
218 358
218 96
218 126
226 210
226 369
226 270
226 358
226 356
226 22
226 171
226 180
226 370
226 288
353 369
353 36
353 47
353 155
353 52
353 171
353 380
33 179
33 267
33 202
33 158
33 8
33 356
33 263
33 257
33 155
33 171
33 90
33 93
275 210
275 369
275 179
275 8
275 126
275 356
275 155
275 171
275 270
275 187
206 155
206 311
206 171
75 267
75 158
75 90
75 93
75 257
75 155
75 96
75 171
75 370
210 364
210 235
210 105
210 92
210 331
210 1
210 5
210 302
210 338
210 19
364 131
364 358
364 36
364 8
364 356
364 370
364 380
364 187
364 180
364 369
364 270
364 18
364 126
235 369
235 90
235 358
235 8
235 47
235 263
235 370
235 126
235 171
105 8
105 47
105 370
105 155
105 52
105 380
105 214
105 171
92 357
92 8
92 263
92 241
92 257
92 267
92 158
92 90
92 370
92 155
92 171
369 351
369 302
369 34
369 259
369 122
369 203
369 264
369 5
369 331
369 341
369 80
369 293
369 205
369 100
369 362
369 170
369 135
369 107
369 41
369 243
369 306
351 358
351 96
351 297
302 90
302 358
302 93
302 96
302 297
302 158
302 8
302 370
34 297
259 358
259 357
259 126
122 131
122 194
122 155
122 311
122 18
122 36
122 370
122 380
203 179
203 18
203 8
203 155
203 171
203 380
203 36
264 171
264 155
5 131
5 357
5 126
5 356
5 329
5 155
5 171
5 187
5 380
331 358
331 36
331 370
331 180
331 131
331 270
331 194
331 126
331 155
331 171
341 358
341 357
341 8
341 356
341 288
341 171
80 270
80 158
80 90
80 358
80 96
80 202
80 257
80 171
80 297
293 158
293 217
293 90
293 93
293 263
293 155
293 96
293 171
293 47
293 380
205 267
205 90
205 8
205 158
205 27
205 241
205 171
205 380
179 278
278 8
278 329
278 47
278 155
278 96
51 324
51 119
51 1
267 70
267 35
267 53
267 197
267 172
267 381
267 24
267 299
267 38
267 100
267 184
267 323
267 39
267 67
267 152
267 191
267 10
70 8
70 257
70 155
70 52
70 380
70 214
35 202
35 158
35 217
35 194
35 339
35 8
35 257
35 370
35 155
35 96
35 171
35 90
35 263
53 202
53 90
53 8
53 241
53 257
53 171
53 263
53 370
53 96
197 8
197 257
197 370
197 171
197 202
172 158
172 90
172 8
172 93
172 263
172 370
172 241
381 202
381 90
381 8
381 263
381 257
381 22
381 155
381 171
381 380
381 96
24 202
24 217
24 90
24 8
24 257
24 155
24 96
24 171
24 158
24 263
24 22
299 202
299 90
299 263
299 241
299 257
299 155
299 96
299 171
299 8
299 370
38 202
38 158
38 8
38 93
38 263
38 241
38 257
38 155
38 96
38 171
100 90
100 47
100 263
100 370
100 202
100 356
100 241
100 257
184 158
184 8
184 263
184 370
184 171
184 202
184 90
184 257
184 155
131 258
131 327
131 283
131 224
131 153
258 18
258 36
258 311
327 356
327 171
327 187
327 180
327 270
327 194
327 8
327 126
327 370
327 380
283 18
283 194
283 8
283 171
283 380
283 311
224 380
224 270
224 180
153 18
153 52
153 36
202 88
202 191
202 282
202 109
202 373
202 251
202 325
202 138
202 170
202 146
202 67
202 39
88 158
88 217
88 90
88 257
88 96
88 171
88 8
191 158
191 8
191 263
191 257
191 370
191 155
191 96
191 171
191 90
282 27
282 8
282 263
282 241
282 257
282 370
282 90
282 171
109 90
109 241
109 96
373 90
373 358
373 370
373 96
373 171
373 339
373 8
251 358
251 339
251 263
251 171
251 380
251 217
251 257
325 217
325 358
325 257
325 155
325 96
325 171
325 263
138 90
138 257
138 370
138 155
138 96
138 158
138 8
138 356
170 217
170 8
170 356
170 257
170 155
170 171
170 241
270 62
270 107
62 18
62 194
62 356
62 380
62 8
62 155
62 171
62 180
107 217
107 358
107 155
107 171
158 39
158 17
158 1
158 111
158 146
158 243
158 106
158 67
158 152
158 72
158 78
158 57
39 27
39 90
39 370
39 96
39 263
39 241
39 155
39 171
17 90
17 93
17 263
1 263
1 171
1 380
1 27
1 90
1 93
1 257
1 370
1 155
111 90
111 93
111 263
111 257
111 155
111 96
111 180
111 8
146 8
146 263
146 241
146 257
146 155
146 171
243 217
243 358
243 155
243 96
243 8
243 356
243 263
243 171
106 263
106 257
106 171
106 297
106 8
106 155
106 96
106 180
67 90
67 8
67 263
67 257
67 155
67 171
67 241
67 96
217 10
217 119
217 305
217 333
217 301
10 90
10 356
10 241
10 370
10 96
10 8
10 93
10 263
10 257
10 171
119 8
119 52
119 357
305 90
305 8
305 22
305 370
305 356
305 96
333 18
333 8
333 356
27 135
27 314
27 57
27 41
27 323
27 338
135 47
135 241
135 257
135 370
135 155
135 52
135 171
135 380
135 214
135 96
314 8
314 2
314 370
314 47
314 171
314 214
57 90
57 339
57 241
57 257
57 22
57 155
57 171
57 8
57 263
41 8
41 171
41 47
323 8
323 241
323 155
323 52
323 171
338 47
338 155
338 171
338 356
338 22
18 379
18 316
379 380
379 180
90 152
90 294
90 19
90 306
90 95
152 8
152 263
152 241
152 155
152 96
152 171
152 93
294 93
294 263
19 8
19 47
19 241
19 155
19 52
19 171
19 380
19 356
19 22
358 306
358 222
36 324
324 52
324 357
324 47
324 370
324 155
357 279
357 78
279 8
279 356
279 370
279 155
279 380
279 171
78 263
78 257
78 155
78 380
78 171
78 297
194 72
194 322
194 316
72 8
72 96
72 171
72 257
72 180
339 359
359 171
359 8
8 40
8 362
8 133
8 190
8 25
8 336
8 45
8 215
8 372
8 95
8 125
8 247
8 322
8 87
8 334
8 301
8 103
8 306
40 171
362 171
133 155
133 171
133 380
190 155
190 171
190 380
190 180
190 356
25 171
25 370
25 155
336 356
336 47
336 288
336 311
336 22
336 171
45 22
45 370
45 52
45 171
45 356
45 241
215 96
215 288
372 356
372 47
372 155
372 171
95 93
95 263
95 257
95 370
95 155
125 47
125 171
125 380
125 155
126 322
322 370
322 155
322 171
356 188
356 334
188 47
188 155
188 93
334 241
334 370
334 155
329 176
176 47
176 213
176 171
93 306
263 306
263 301
306 96
306 297
306 149
306 288
257 301
370 301
155 31
155 308
155 103
155 140
31 171
96 301
288 222
288 262
222 180
262 171
171 YDR182W-A
171 308
171 115
171 304
171 99
171 301
171 140
171 87
308 149
115 380
311 7
366 150
180 316
